1.0000e+01
1.0080e+01
1.0160e+01
1.0240e+01
1.0321e+01
1.0401e+01
1.0481e+01
1.0561e+01
1.0641e+01
1.0721e+01
1.0802e+01
1.0882e+01
1.0962e+01
1.1042e+01
1.1122e+01
1.1202e+01
1.1283e+01
1.1363e+01
1.1443e+01
1.1523e+01
1.1603e+01
1.1683e+01
1.1764e+01
1.1844e+01
1.1924e+01
1.2004e+01
1.2084e+01
1.2164e+01
1.2244e+01
1.2325e+01
1.2405e+01
1.2485e+01
1.2565e+01
1.2645e+01
1.2725e+01
1.2806e+01
1.2886e+01
1.2966e+01
1.3046e+01
1.3126e+01
1.3206e+01
1.3287e+01
1.3367e+01
1.3447e+01
1.3527e+01
1.3607e+01
1.3687e+01
1.3768e+01
1.3848e+01
1.3928e+01
1.4008e+01
1.4088e+01
1.4168e+01
1.4248e+01
1.4329e+01
1.4409e+01
1.4489e+01
1.4569e+01
1.4649e+01
1.4729e+01
1.4810e+01
1.4890e+01
1.4970e+01
1.5050e+01
1.5130e+01
1.5210e+01
1.5291e+01
1.5371e+01
1.5451e+01
1.5531e+01
1.5611e+01
1.5691e+01
1.5772e+01
1.5852e+01
1.5932e+01
1.6012e+01
1.6092e+01
1.6172e+01
1.6253e+01
1.6333e+01
1.6413e+01
1.6493e+01
1.6573e+01
1.6653e+01
1.6733e+01
1.6814e+01
1.6894e+01
1.6974e+01
1.7054e+01
1.7134e+01
1.7214e+01
1.7295e+01
1.7375e+01
1.7455e+01
1.7535e+01
1.7615e+01
1.7695e+01
1.7776e+01
1.7856e+01
1.7936e+01
1.8016e+01
1.8096e+01
1.8176e+01
1.8257e+01
1.8337e+01
1.8417e+01
1.8497e+01
1.8577e+01
1.8657e+01
1.8737e+01
1.8818e+01
1.8898e+01
1.8978e+01
1.9058e+01
1.9138e+01
1.9218e+01
1.9299e+01
1.9379e+01
1.9459e+01
1.9539e+01
1.9619e+01
1.9699e+01
1.9780e+01
1.9860e+01
1.9940e+01
2.0020e+01
2.0100e+01
2.0180e+01
2.0261e+01
2.0341e+01
2.0421e+01
2.0501e+01
2.0581e+01
2.0661e+01
2.0741e+01
2.0822e+01
2.0902e+01
2.0982e+01
2.1062e+01
2.1142e+01
2.1222e+01
2.1303e+01
2.1383e+01
2.1463e+01
2.1543e+01
2.1623e+01
2.1703e+01
2.1784e+01
2.1864e+01
2.1944e+01
2.2024e+01
2.2104e+01
2.2184e+01
2.2265e+01
2.2345e+01
2.2425e+01
2.2505e+01
2.2585e+01
2.2665e+01
2.2745e+01
2.2826e+01
2.2906e+01
2.2986e+01
2.3066e+01
2.3146e+01
2.3226e+01
2.3307e+01
2.3387e+01
2.3467e+01
2.3547e+01
2.3627e+01
2.3707e+01
2.3788e+01
2.3868e+01
2.3948e+01
2.4028e+01
2.4108e+01
2.4188e+01
2.4269e+01
2.4349e+01
2.4429e+01
2.4509e+01
2.4589e+01
2.4669e+01
2.4749e+01
2.4830e+01
2.4910e+01
2.4990e+01
2.5070e+01
2.5150e+01
2.5230e+01
2.5311e+01
2.5391e+01
2.5471e+01
2.5551e+01
2.5631e+01
2.5711e+01
2.5792e+01
2.5872e+01
2.5952e+01
2.6032e+01
2.6112e+01
2.6192e+01
2.6273e+01
2.6353e+01
2.6433e+01
2.6513e+01
2.6593e+01
2.6673e+01
2.6754e+01
2.6834e+01
2.6914e+01
2.6994e+01
2.7074e+01
2.7154e+01
2.7234e+01
2.7315e+01
2.7395e+01
2.7475e+01
2.7555e+01
2.7635e+01
2.7715e+01
2.7796e+01
2.7876e+01
2.7956e+01
2.8036e+01
2.8116e+01
2.8196e+01
2.8277e+01
2.8357e+01
2.8437e+01
2.8517e+01
2.8597e+01
2.8677e+01
2.8758e+01
2.8838e+01
2.8918e+01
2.8998e+01
2.9078e+01
2.9158e+01
2.9238e+01
2.9319e+01
2.9399e+01
2.9479e+01
2.9559e+01
2.9639e+01
2.9719e+01
2.9800e+01
2.9880e+01
2.9960e+01
3.0040e+01
3.0120e+01
3.0200e+01
3.0281e+01
3.0361e+01
3.0441e+01
3.0521e+01
3.0601e+01
3.0681e+01
3.0762e+01
3.0842e+01
3.0922e+01
3.1002e+01
3.1082e+01
3.1162e+01
3.1242e+01
3.1323e+01
3.1403e+01
3.1483e+01
3.1563e+01
3.1643e+01
3.1723e+01
3.1804e+01
3.1884e+01
3.1964e+01
3.2044e+01
3.2124e+01
3.2204e+01
3.2285e+01
3.2365e+01
3.2445e+01
3.2525e+01
3.2605e+01
3.2685e+01
3.2766e+01
3.2846e+01
3.2926e+01
3.3006e+01
3.3086e+01
3.3166e+01
3.3246e+01
3.3327e+01
3.3407e+01
3.3487e+01
3.3567e+01
3.3647e+01
3.3727e+01
3.3808e+01
3.3888e+01
3.3968e+01
3.4048e+01
3.4128e+01
3.4208e+01
3.4289e+01
3.4369e+01
3.4449e+01
3.4529e+01
3.4609e+01
3.4689e+01
3.4770e+01
3.4850e+01
3.4930e+01
3.5010e+01
3.5090e+01
3.5170e+01
3.5251e+01
3.5331e+01
3.5411e+01
3.5491e+01
3.5571e+01
3.5651e+01
3.5731e+01
3.5812e+01
3.5892e+01
3.5972e+01
3.6052e+01
3.6132e+01
3.6212e+01
3.6293e+01
3.6373e+01
3.6453e+01
3.6533e+01
3.6613e+01
3.6693e+01
3.6774e+01
3.6854e+01
3.6934e+01
3.7014e+01
3.7094e+01
3.7174e+01
3.7255e+01
3.7335e+01
3.7415e+01
3.7495e+01
3.7575e+01
3.7655e+01
3.7735e+01
3.7816e+01
3.7896e+01
3.7976e+01
3.8056e+01
3.8136e+01
3.8216e+01
3.8297e+01
3.8377e+01
3.8457e+01
3.8537e+01
3.8617e+01
3.8697e+01
3.8778e+01
3.8858e+01
3.8938e+01
3.9018e+01
3.9098e+01
3.9178e+01
3.9259e+01
3.9339e+01
3.9419e+01
3.9499e+01
3.9579e+01
3.9659e+01
3.9739e+01
3.9820e+01
3.9900e+01
3.9980e+01
4.0060e+01
4.0140e+01
4.0220e+01
4.0301e+01
4.0381e+01
4.0461e+01
4.0541e+01
4.0621e+01
4.0701e+01
4.0782e+01
4.0862e+01
4.0942e+01
4.1022e+01
4.1102e+01
4.1182e+01
4.1263e+01
4.1343e+01
4.1423e+01
4.1503e+01
4.1583e+01
4.1663e+01
4.1743e+01
4.1824e+01
4.1904e+01
4.1984e+01
4.2064e+01
4.2144e+01
4.2224e+01
4.2305e+01
4.2385e+01
4.2465e+01
4.2545e+01
4.2625e+01
4.2705e+01
4.2786e+01
4.2866e+01
4.2946e+01
4.3026e+01
4.3106e+01
4.3186e+01
4.3267e+01
4.3347e+01
4.3427e+01
4.3507e+01
4.3587e+01
4.3667e+01
4.3747e+01
4.3828e+01
4.3908e+01
4.3988e+01
4.4068e+01
4.4148e+01
4.4228e+01
4.4309e+01
4.4389e+01
4.4469e+01
4.4549e+01
4.4629e+01
4.4709e+01
4.4790e+01
4.4870e+01
4.4950e+01
4.5030e+01
4.5110e+01
4.5190e+01
4.5271e+01
4.5351e+01
4.5431e+01
4.5511e+01
4.5591e+01
4.5671e+01
4.5752e+01
4.5832e+01
4.5912e+01
4.5992e+01
4.6072e+01
4.6152e+01
4.6232e+01
4.6313e+01
4.6393e+01
4.6473e+01
4.6553e+01
4.6633e+01
4.6713e+01
4.6794e+01
4.6874e+01
4.6954e+01
4.7034e+01
4.7114e+01
4.7194e+01
4.7275e+01
4.7355e+01
4.7435e+01
4.7515e+01
4.7595e+01
4.7675e+01
4.7756e+01
4.7836e+01
4.7916e+01
4.7996e+01
4.8076e+01
4.8156e+01
4.8236e+01
4.8317e+01
4.8397e+01
4.8477e+01
4.8557e+01
4.8637e+01
4.8717e+01
4.8798e+01
4.8878e+01
4.8958e+01
4.9038e+01
4.9118e+01
4.9198e+01
4.9279e+01
4.9359e+01
4.9439e+01
4.9519e+01
4.9599e+01
4.9679e+01
4.9760e+01
4.9840e+01
4.9920e+01
5.0000e+01
