# f, o1, x1, o2, x2, o3, x3, o4, x4
1.0000e+01 4.9387e-01 4.9387e-01 4.9387e-01 4.9387e-01 1.5618e+00 1.5618e+00 1.5618e+00 1.5618e+00
1.0090e+01 5.0281e-01 5.0281e-01 5.0281e-01 5.0281e-01 1.5900e+00 1.5900e+00 1.5900e+00 1.5900e+00
1.0180e+01 5.1183e-01 5.1181e-01 5.1183e-01 5.1183e-01 1.6185e+00 1.6185e+00 1.6185e+00 1.6185e+00
1.0270e+01 5.2093e-01 5.2086e-01 5.2093e-01 5.2093e-01 1.6473e+00 1.6473e+00 1.6473e+00 1.6473e+00
1.0360e+01 5.3011e-01 5.2986e-01 5.3011e-01 5.3011e-01 1.6763e+00 1.6763e+00 1.6763e+00 1.6763e+00
1.0450e+01 5.3937e-01 5.3862e-01 5.3937e-01 5.3937e-01 1.7056e+00 1.7056e+00 1.7056e+00 1.7056e+00
1.0541e+01 5.4871e-01 5.4682e-01 5.4871e-01 5.4871e-01 1.7352e+00 1.7352e+00 1.7352e+00 1.7352e+00
1.0631e+01 5.5813e-01 5.5391e-01 5.5813e-01 5.5813e-01 1.7650e+00 1.7650e+00 1.7650e+00 1.7650e+00
1.0721e+01 5.6763e-01 5.5919e-01 5.6763e-01 5.6763e-01 1.7950e+00 1.7950e+00 1.7950e+00 1.7950e+00
1.0811e+01 5.7721e-01 5.6187e-01 5.7721e-01 5.7721e-01 1.8253e+00 1.8253e+00 1.8253e+00 1.8253e+00
1.0901e+01 5.8687e-01 5.6119e-01 5.8687e-01 5.8687e-01 1.8558e+00 1.8558e+00 1.8558e+00 1.8558e+00
1.0991e+01 5.9661e-01 5.5650e-01 5.9661e-01 5.9661e-01 1.8866e+00 1.8866e+00 1.8866e+00 1.8866e+00
1.1081e+01 6.0643e-01 5.4744e-01 6.0643e-01 6.0643e-01 1.9177e+00 1.9177e+00 1.9177e+00 1.9177e+00
1.1171e+01 6.1632e-01 5.3392e-01 6.1633e-01 6.1633e-01 1.9490e+00 1.9490e+00 1.9490e+00 1.9490e+00
1.1261e+01 6.2626e-01 5.1618e-01 6.2631e-01 6.2631e-01 1.9806e+00 1.9806e+00 1.9806e+00 1.9806e+00
1.1351e+01 6.3620e-01 4.9469e-01 6.3637e-01 6.3637e-01 2.0124e+00 2.0124e+00 2.0124e+00 2.0124e+00
1.1441e+01 6.4596e-01 4.7009e-01 6.4651e-01 6.4651e-01 2.0444e+00 2.0444e+00 2.0444e+00 2.0444e+00
1.1532e+01 6.5525e-01 4.4316e-01 6.5673e-01 6.5673e-01 2.0768e+00 2.0768e+00 2.0768e+00 2.0768e+00
1.1622e+01 6.6355e-01 4.1467e-01 6.6703e-01 6.6703e-01 2.1093e+00 2.1093e+00 2.1093e+00 2.1093e+00
1.1712e+01 6.7014e-01 3.8536e-01 6.7742e-01 6.7742e-01 2.1422e+00 2.1422e+00 2.1422e+00 2.1422e+00
1.1802e+01 6.7416e-01 3.5590e-01 6.8788e-01 6.8788e-01 2.1753e+00 2.1753e+00 2.1753e+00 2.1753e+00
1.1892e+01 6.7467e-01 3.2687e-01 6.9842e-01 6.9842e-01 2.2086e+00 2.2086e+00 2.2086e+00 2.2086e+00
1.1982e+01 6.7086e-01 2.9871e-01 7.0904e-01 7.0904e-01 2.2422e+00 2.2422e+00 2.2422e+00 2.2422e+00
1.2072e+01 6.6216e-01 2.7178e-01 7.1974e-01 7.1974e-01 2.2760e+00 2.2760e+00 2.2760e+00 2.2760e+00
1.2162e+01 6.4829e-01 2.4632e-01 7.3053e-01 7.3053e-01 2.3101e+00 2.3101e+00 2.3101e+00 2.3101e+00
1.2252e+01 6.2936e-01 2.2249e-01 7.4139e-01 7.4139e-01 2.3445e+00 2.3445e+00 2.3445e+00 2.3445e+00
1.2342e+01 6.0576e-01 2.0037e-01 7.5233e-01 7.5233e-01 2.3791e+00 2.3791e+00 2.3791e+00 2.3791e+00
1.2432e+01 5.7816e-01 1.7999e-01 7.6336e-01 7.6336e-01 2.4139e+00 2.4139e+00 2.4139e+00 2.4139e+00
1.2523e+01 5.4739e-01 1.6132e-01 7.7446e-01 7.7446e-01 2.4491e+00 2.4491e+00 2.4491e+00 2.4491e+00
1.2613e+01 5.1433e-01 1.4431e-01 7.8564e-01 7.8564e-01 2.4844e+00 2.4844e+00 2.4844e+00 2.4844e+00
1.2703e+01 4.7988e-01 1.2888e-01 7.9691e-01 7.9691e-01 2.5200e+00 2.5200e+00 2.5200e+00 2.5200e+00
1.2793e+01 4.4488e-01 1.1494e-01 8.0825e-01 8.0825e-01 2.5559e+00 2.5559e+00 2.5559e+00 2.5559e+00
1.2883e+01 4.1003e-01 1.0239e-01 8.1967e-01 8.1967e-01 2.5920e+00 2.5920e+00 2.5920e+00 2.5920e+00
1.2973e+01 3.7595e-01 9.1117e-02 8.3118e-01 8.3118e-01 2.6284e+00 2.6284e+00 2.6284e+00 2.6284e+00
1.3063e+01 3.4310e-01 8.1016e-02 8.4276e-01 8.4276e-01 2.6650e+00 2.6650e+00 2.6650e+00 2.6650e+00
1.3153e+01 3.1184e-01 7.1985e-02 8.5443e-01 8.5443e-01 2.7019e+00 2.7019e+00 2.7019e+00 2.7019e+00
1.3243e+01 2.8241e-01 6.3924e-02 8.6617e-01 8.6617e-01 2.7391e+00 2.7391e+00 2.7391e+00 2.7391e+00
1.3333e+01 2.5494e-01 5.6739e-02 8.7800e-01 8.7800e-01 2.7765e+00 2.7765e+00 2.7765e+00 2.7765e+00
1.3423e+01 2.2952e-01 5.0342e-02 8.8990e-01 8.8990e-01 2.8141e+00 2.8141e+00 2.8141e+00 2.8141e+00
1.3514e+01 2.0613e-01 4.4654e-02 9.0189e-01 9.0189e-01 2.8520e+00 2.8520e+00 2.8520e+00 2.8520e+00
1.3604e+01 1.8475e-01 3.9599e-02 9.1395e-01 9.1395e-01 2.8902e+00 2.8902e+00 2.8902e+00 2.8902e+00
1.3694e+01 1.6529e-01 3.5110e-02 9.2610e-01 9.2610e-01 2.9286e+00 2.9286e+00 2.9286e+00 2.9286e+00
1.3784e+01 1.4766e-01 3.1127e-02 9.3832e-01 9.3832e-01 2.9672e+00 2.9672e+00 2.9672e+00 2.9672e+00
1.3874e+01 1.3173e-01 2.7594e-02 9.5063e-01 9.5063e-01 3.0061e+00 3.0061e+00 3.0061e+00 3.0061e+00
1.3964e+01 1.1740e-01 2.4461e-02 9.6301e-01 9.6301e-01 3.0453e+00 3.0453e+00 3.0453e+00 3.0453e+00
1.4054e+01 1.0452e-01 2.1684e-02 9.7548e-01 9.7548e-01 3.0847e+00 3.0847e+00 3.0847e+00 3.0847e+00
1.4144e+01 9.2989e-02 1.9223e-02 9.8803e-01 9.8803e-01 3.1244e+00 3.1244e+00 3.1244e+00 3.1244e+00
1.4234e+01 8.2674e-02 1.7042e-02 1.0007e+00 1.0007e+00 3.1643e+00 3.1643e+00 3.1643e+00 3.1643e+00
1.4324e+01 7.3465e-02 1.5110e-02 1.0134e+00 1.0134e+00 3.2045e+00 3.2045e+00 3.2045e+00 3.2045e+00
1.4414e+01 6.5253e-02 1.3399e-02 1.0261e+00 1.0261e+00 3.2450e+00 3.2450e+00 3.2450e+00 3.2450e+00
1.4505e+01 5.7940e-02 1.1882e-02 1.0390e+00 1.0390e+00 3.2856e+00 3.2856e+00 3.2856e+00 3.2856e+00
1.4595e+01 5.1432e-02 1.0539e-02 1.0520e+00 1.0520e+00 3.3266e+00 3.3266e+00 3.3266e+00 3.3266e+00
1.4685e+01 4.5646e-02 9.3487e-03 1.0650e+00 1.0650e+00 3.3678e+00 3.3678e+00 3.3678e+00 3.3678e+00
1.4775e+01 4.0506e-02 8.2943e-03 1.0781e+00 1.0781e+00 3.4092e+00 3.4092e+00 3.4092e+00 3.4092e+00
1.4865e+01 3.5941e-02 7.3600e-03 1.0913e+00 1.0913e+00 3.4509e+00 3.4509e+00 3.4509e+00 3.4509e+00
1.4955e+01 3.1888e-02 6.5320e-03 1.1045e+00 1.1045e+00 3.4929e+00 3.4929e+00 3.4929e+00 3.4929e+00
1.5045e+01 2.8292e-02 5.7982e-03 1.1179e+00 1.1179e+00 3.5351e+00 3.5351e+00 3.5351e+00 3.5351e+00
1.5135e+01 2.5103e-02 5.1478e-03 1.1313e+00 1.1313e+00 3.5776e+00 3.5776e+00 3.5776e+00 3.5776e+00
1.5225e+01 2.2273e-02 4.5712e-03 1.1448e+00 1.1448e+00 3.6203e+00 3.6203e+00 3.6203e+00 3.6203e+00
1.5315e+01 1.9765e-02 4.0600e-03 1.1584e+00 1.1584e+00 3.6633e+00 3.6633e+00 3.6633e+00 3.6633e+00
1.5405e+01 1.7540e-02 3.6067e-03 1.1721e+00 1.1721e+00 3.7065e+00 3.7065e+00 3.7065e+00 3.7065e+00
1.5495e+01 1.5567e-02 3.2046e-03 1.1858e+00 1.1858e+00 3.7500e+00 3.7500e+00 3.7500e+00 3.7500e+00
1.5586e+01 1.3818e-02 2.8479e-03 1.1997e+00 1.1997e+00 3.7937e+00 3.7937e+00 3.7937e+00 3.7937e+00
1.5676e+01 1.2268e-02 2.5314e-03 1.2136e+00 1.2136e+00 3.8377e+00 3.8377e+00 3.8377e+00 3.8377e+00
1.5766e+01 1.0892e-02 2.2505e-03 1.2276e+00 1.2276e+00 3.8819e+00 3.8819e+00 3.8819e+00 3.8819e+00
1.5856e+01 9.6730e-03 2.0013e-03 1.2416e+00 1.2416e+00 3.9264e+00 3.9264e+00 3.9264e+00 3.9264e+00
1.5946e+01 8.5916e-03 1.7800e-03 1.2558e+00 1.2558e+00 3.9711e+00 3.9711e+00 3.9711e+00 3.9711e+00
1.6036e+01 7.6323e-03 1.5834e-03 1.2700e+00 1.2700e+00 4.0161e+00 4.0161e+00 4.0161e+00 4.0161e+00
1.6126e+01 6.7815e-03 1.4089e-03 1.2843e+00 1.2843e+00 4.0614e+00 4.0613e+00 4.0614e+00 4.0614e+00
1.6216e+01 6.0265e-03 1.2539e-03 1.2987e+00 1.2987e+00 4.1069e+00 4.1067e+00 4.1069e+00 4.1069e+00
1.6306e+01 5.3567e-03 1.1161e-03 1.3132e+00 1.3132e+00 4.1527e+00 4.1523e+00 4.1527e+00 4.1527e+00
1.6396e+01 4.7622e-03 9.9374e-04 1.3277e+00 1.3277e+00 4.1987e+00 4.1979e+00 4.1987e+00 4.1987e+00
1.6486e+01 4.2346e-03 8.8494e-04 1.3424e+00 1.3424e+00 4.2449e+00 4.2434e+00 4.2449e+00 4.2449e+00
1.6577e+01 3.7661e-03 7.8822e-04 1.3571e+00 1.3571e+00 4.2915e+00 4.2887e+00 4.2915e+00 4.2915e+00
1.6667e+01 3.3502e-03 7.0221e-04 1.3719e+00 1.3719e+00 4.3382e+00 4.3333e+00 4.3382e+00 4.3382e+00
1.6757e+01 2.9808e-03 6.2572e-04 1.3867e+00 1.3867e+00 4.3853e+00 4.3770e+00 4.3853e+00 4.3853e+00
1.6847e+01 2.6527e-03 5.5767e-04 1.4017e+00 1.4017e+00 4.4325e+00 4.4193e+00 4.4325e+00 4.4325e+00
1.6937e+01 2.3611e-03 4.9712e-04 1.4167e+00 1.4167e+00 4.4801e+00 4.4595e+00 4.4801e+00 4.4801e+00
1.7027e+01 2.1021e-03 4.4324e-04 1.4318e+00 1.4318e+00 4.5279e+00 4.4968e+00 4.5279e+00 4.5279e+00
1.7117e+01 1.8719e-03 3.9528e-04 1.4470e+00 1.4470e+00 4.5759e+00 4.5305e+00 4.5759e+00 4.5759e+00
1.7207e+01 1.6672e-03 3.5258e-04 1.4623e+00 1.4623e+00 4.6242e+00 4.5598e+00 4.6242e+00 4.6242e+00
1.7297e+01 1.4852e-03 3.1455e-04 1.4776e+00 1.4776e+00 4.6727e+00 4.5836e+00 4.6727e+00 4.6727e+00
1.7387e+01 1.3233e-03 2.8068e-04 1.4931e+00 1.4931e+00 4.7215e+00 4.6011e+00 4.7215e+00 4.7215e+00
1.7477e+01 1.1794e-03 2.5051e-04 1.5086e+00 1.5086e+00 4.7706e+00 4.6114e+00 4.7706e+00 4.7706e+00
1.7568e+01 1.0513e-03 2.2363e-04 1.5242e+00 1.5242e+00 4.8199e+00 4.6137e+00 4.8199e+00 4.8199e+00
1.7658e+01 9.3731e-04 1.9967e-04 1.5399e+00 1.5399e+00 4.8694e+00 4.6074e+00 4.8695e+00 4.8695e+00
1.7748e+01 8.3585e-04 1.7831e-04 1.5556e+00 1.5556e+00 4.9192e+00 4.5918e+00 4.9193e+00 4.9193e+00
1.7838e+01 7.4554e-04 1.5927e-04 1.5714e+00 1.5714e+00 4.9692e+00 4.5668e+00 4.9693e+00 4.9693e+00
1.7928e+01 6.6511e-04 1.4229e-04 1.5874e+00 1.5874e+00 5.0193e+00 4.5319e+00 5.0197e+00 5.0197e+00
1.8018e+01 5.9349e-04 1.2715e-04 1.6034e+00 1.6034e+00 5.0695e+00 4.4873e+00 5.0702e+00 5.0702e+00
1.8108e+01 5.2968e-04 1.1363e-04 1.6194e+00 1.6194e+00 5.1196e+00 4.4331e+00 5.1211e+00 5.1211e+00
1.8198e+01 4.7283e-04 1.0158e-04 1.6356e+00 1.6356e+00 5.1694e+00 4.3695e+00 5.1722e+00 5.1722e+00
1.8288e+01 4.2217e-04 9.0820e-05 1.6518e+00 1.6518e+00 5.2187e+00 4.2971e+00 5.2235e+00 5.2235e+00
1.8378e+01 3.7701e-04 8.1215e-05 1.6681e+00 1.6681e+00 5.2671e+00 4.2164e+00 5.2751e+00 5.2751e+00
1.8468e+01 3.3675e-04 7.2641e-05 1.6845e+00 1.6845e+00 5.3139e+00 4.1281e+00 5.3269e+00 5.3269e+00
1.8559e+01 3.0085e-04 6.4984e-05 1.7010e+00 1.7010e+00 5.3587e+00 4.0329e+00 5.3790e+00 5.3790e+00
1.8649e+01 2.6883e-04 5.8145e-05 1.7176e+00 1.7176e+00 5.4006e+00 3.9317e+00 5.4314e+00 5.4314e+00
1.8739e+01 2.4026e-04 5.2035e-05 1.7342e+00 1.7342e+00 5.4388e+00 3.8252e+00 5.4840e+00 5.4840e+00
1.8829e+01 2.1477e-04 4.6577e-05 1.7509e+00 1.7509e+00 5.4724e+00 3.7144e+00 5.5368e+00 5.5368e+00
1.8919e+01 1.9203e-04 4.1698e-05 1.7677e+00 1.7677e+00 5.5003e+00 3.6001e+00 5.5899e+00 5.5899e+00
1.9009e+01 1.7172e-04 3.7338e-05 1.7846e+00 1.7846e+00 5.5216e+00 3.4830e+00 5.6433e+00 5.6433e+00
1.9099e+01 1.5360e-04 3.3439e-05 1.8015e+00 1.8015e+00 5.5352e+00 3.3641e+00 5.6969e+00 5.6969e+00
1.9189e+01 1.3741e-04 2.9954e-05 1.8186e+00 1.8186e+00 5.5402e+00 3.2439e+00 5.7508e+00 5.7508e+00
1.9279e+01 1.2295e-04 2.6836e-05 1.8357e+00 1.8357e+00 5.5359e+00 3.1233e+00 5.8049e+00 5.8049e+00
1.9369e+01 1.1004e-04 2.4047e-05 1.8529e+00 1.8529e+00 5.5214e+00 3.0028e+00 5.8593e+00 5.8593e+00
1.9459e+01 9.8496e-05 2.1552e-05 1.8701e+00 1.8701e+00 5.4964e+00 2.8831e+00 5.9139e+00 5.9139e+00
1.9550e+01 8.8183e-05 1.9320e-05 1.8875e+00 1.8875e+00 5.4604e+00 2.7646e+00 5.9688e+00 5.9688e+00
1.9640e+01 7.8965e-05 1.7321e-05 1.9049e+00 1.9049e+00 5.4134e+00 2.6477e+00 6.0240e+00 6.0240e+00
1.9730e+01 7.0723e-05 1.5533e-05 1.9225e+00 1.9225e+00 5.3553e+00 2.5330e+00 6.0793e+00 6.0793e+00
1.9820e+01 6.3354e-05 1.3931e-05 1.9401e+00 1.9401e+00 5.2864e+00 2.4207e+00 6.1350e+00 6.1350e+00
1.9910e+01 5.6763e-05 1.2497e-05 1.9577e+00 1.9577e+00 5.2071e+00 2.3111e+00 6.1909e+00 6.1909e+00
2.0000e+01 5.0867e-05 1.1212e-05 1.9755e+00 1.9755e+00 5.1180e+00 2.2044e+00 6.2470e+00 6.2470e+00
2.0090e+01 4.5592e-05 1.0061e-05 1.9933e+00 1.9933e+00 5.0197e+00 2.1009e+00 6.3035e+00 6.3035e+00
2.0180e+01 4.0871e-05 9.0303e-06 2.0112e+00 2.0112e+00 4.9129e+00 2.0007e+00 6.3601e+00 6.3601e+00
2.0270e+01 3.6646e-05 8.1063e-06 2.0292e+00 2.0292e+00 4.7986e+00 1.9038e+00 6.4170e+00 6.4170e+00
2.0360e+01 3.2864e-05 7.2781e-06 2.0473e+00 2.0473e+00 4.6777e+00 1.8104e+00 6.4742e+00 6.4742e+00
2.0450e+01 2.9477e-05 6.5356e-06 2.0655e+00 2.0655e+00 4.5510e+00 1.7205e+00 6.5316e+00 6.5316e+00
2.0541e+01 2.6444e-05 5.8699e-06 2.0837e+00 2.0837e+00 4.4196e+00 1.6341e+00 6.5893e+00 6.5893e+00
2.0631e+01 2.3727e-05 5.2729e-06 2.1020e+00 2.1020e+00 4.2844e+00 1.5512e+00 6.6472e+00 6.6472e+00
2.0721e+01 2.1294e-05 4.7374e-06 2.1204e+00 2.1204e+00 4.1463e+00 1.4717e+00 6.7054e+00 6.7054e+00
2.0811e+01 1.9113e-05 4.2570e-06 2.1389e+00 2.1389e+00 4.0061e+00 1.3957e+00 6.7638e+00 6.7638e+00
2.0901e+01 1.7159e-05 3.8260e-06 2.1575e+00 2.1575e+00 3.8647e+00 1.3231e+00 6.8225e+00 6.8225e+00
2.0991e+01 1.5407e-05 3.4392e-06 2.1761e+00 2.1761e+00 3.7228e+00 1.2538e+00 6.8815e+00 6.8815e+00
2.1081e+01 1.3836e-05 3.0920e-06 2.1948e+00 2.1948e+00 3.5812e+00 1.1877e+00 6.9407e+00 6.9407e+00
2.1171e+01 1.2428e-05 2.7803e-06 2.2136e+00 2.2136e+00 3.4405e+00 1.1247e+00 7.0001e+00 7.0001e+00
2.1261e+01 1.1165e-05 2.5005e-06 2.2325e+00 2.2325e+00 3.3013e+00 1.0647e+00 7.0598e+00 7.0598e+00
2.1351e+01 1.0032e-05 2.2492e-06 2.2515e+00 2.2515e+00 3.1641e+00 1.0077e+00 7.1198e+00 7.1198e+00
2.1441e+01 9.0154e-06 2.0235e-06 2.2705e+00 2.2705e+00 3.0292e+00 9.5349e-01 7.1800e+00 7.1800e+00
2.1532e+01 8.1034e-06 1.8207e-06 2.2896e+00 2.2896e+00 2.8972e+00 9.0200e-01 7.2404e+00 7.2404e+00
2.1622e+01 7.2848e-06 1.6385e-06 2.3088e+00 2.3088e+00 2.7683e+00 8.5313e-01 7.3012e+00 7.3012e+00
2.1712e+01 6.5500e-06 1.4748e-06 2.3281e+00 2.3281e+00 2.6428e+00 8.0675e-01 7.3621e+00 7.3621e+00
2.1802e+01 5.8904e-06 1.3277e-06 2.3475e+00 2.3475e+00 2.5209e+00 7.6278e-01 7.4233e+00 7.4233e+00
2.1892e+01 5.2980e-06 1.1954e-06 2.3669e+00 2.3669e+00 2.4028e+00 7.2111e-01 7.4848e+00 7.4848e+00
2.1982e+01 4.7661e-06 1.0765e-06 2.3864e+00 2.3864e+00 2.2885e+00 6.8163e-01 7.5466e+00 7.5466e+00
2.2072e+01 4.2882e-06 9.6955e-07 2.4060e+00 2.4060e+00 2.1782e+00 6.4424e-01 7.6085e+00 7.6085e+00
2.2162e+01 3.8589e-06 8.7338e-07 2.4257e+00 2.4257e+00 2.0720e+00 6.0884e-01 7.6708e+00 7.6708e+00
2.2252e+01 3.4731e-06 7.8687e-07 2.4455e+00 2.4455e+00 1.9698e+00 5.7534e-01 7.7333e+00 7.7333e+00
2.2342e+01 3.1265e-06 7.0904e-07 2.4653e+00 2.4653e+00 1.8717e+00 5.4365e-01 7.7960e+00 7.7960e+00
2.2432e+01 2.8148e-06 6.3901e-07 2.4852e+00 2.4852e+00 1.7776e+00 5.1367e-01 7.8590e+00 7.8590e+00
2.2523e+01 2.5347e-06 5.7598e-07 2.5052e+00 2.5052e+00 1.6874e+00 4.8532e-01 7.9223e+00 7.9223e+00
2.2613e+01 2.2828e-06 5.1926e-07 2.5253e+00 2.5253e+00 1.6012e+00 4.5852e-01 7.9858e+00 7.9858e+00
2.2703e+01 2.0563e-06 4.6819e-07 2.5455e+00 2.5455e+00 1.5188e+00 4.3319e-01 8.0495e+00 8.0495e+00
2.2793e+01 1.8525e-06 4.2221e-07 2.5657e+00 2.5657e+00 1.4401e+00 4.0925e-01 8.1135e+00 8.1135e+00
2.2883e+01 1.6692e-06 3.8080e-07 2.5860e+00 2.5860e+00 1.3651e+00 3.8662e-01 8.1778e+00 8.1778e+00
2.2973e+01 1.5043e-06 3.4351e-07 2.6064e+00 2.6064e+00 1.2936e+00 3.6525e-01 8.2423e+00 8.2423e+00
2.3063e+01 1.3559e-06 3.0992e-07 2.6269e+00 2.6269e+00 1.2255e+00 3.4506e-01 8.3071e+00 8.3071e+00
2.3153e+01 1.2223e-06 2.7965e-07 2.6475e+00 2.6475e+00 1.1607e+00 3.2598e-01 8.3721e+00 8.3721e+00
2.3243e+01 1.1020e-06 2.5238e-07 2.6681e+00 2.6681e+00 1.0991e+00 3.0797e-01 8.4374e+00 8.4374e+00
2.3333e+01 9.9377e-07 2.2780e-07 2.6889e+00 2.6889e+00 1.0405e+00 2.9096e-01 8.5029e+00 8.5029e+00
2.3423e+01 8.9629e-07 2.0564e-07 2.7097e+00 2.7097e+00 9.8492e-01 2.7489e-01 8.5687e+00 8.5687e+00
2.3514e+01 8.0849e-07 1.8567e-07 2.7305e+00 2.7305e+00 9.3213e-01 2.5972e-01 8.6348e+00 8.6348e+00
2.3604e+01 7.2940e-07 1.6767e-07 2.7515e+00 2.7515e+00 8.8205e-01 2.4539e-01 8.7010e+00 8.7010e+00
2.3694e+01 6.5815e-07 1.5143e-07 2.7726e+00 2.7726e+00 8.3455e-01 2.3186e-01 8.7676e+00 8.7676e+00
2.3784e+01 5.9395e-07 1.3678e-07 2.7937e+00 2.7937e+00 7.8952e-01 2.1909e-01 8.8344e+00 8.8344e+00
2.3874e+01 5.3609e-07 1.2357e-07 2.8149e+00 2.8149e+00 7.4684e-01 2.0703e-01 8.9014e+00 8.9014e+00
2.3964e+01 4.8395e-07 1.1165e-07 2.8362e+00 2.8362e+00 7.0641e-01 1.9564e-01 8.9688e+00 8.9688e+00
2.4054e+01 4.3694e-07 1.0090e-07 2.8575e+00 2.8575e+00 6.6811e-01 1.8489e-01 9.0363e+00 9.0363e+00
2.4144e+01 3.9456e-07 9.1193e-08 2.8790e+00 2.8790e+00 6.3186e-01 1.7474e-01 9.1041e+00 9.1041e+00
2.4234e+01 3.5634e-07 8.2433e-08 2.9005e+00 2.9005e+00 5.9753e-01 1.6516e-01 9.1722e+00 9.1722e+00
2.4324e+01 3.2187e-07 7.4525e-08 2.9221e+00 2.9221e+00 5.6505e-01 1.5611e-01 9.2405e+00 9.2405e+00
2.4414e+01 2.9078e-07 6.7385e-08 2.9438e+00 2.9438e+00 5.3432e-01 1.4756e-01 9.3091e+00 9.3091e+00
2.4505e+01 2.6273e-07 6.0939e-08 2.9656e+00 2.9656e+00 5.0524e-01 1.3949e-01 9.3779e+00 9.3779e+00
2.4595e+01 2.3742e-07 5.5116e-08 2.9874e+00 2.9874e+00 4.7774e-01 1.3187e-01 9.4470e+00 9.4470e+00
2.4685e+01 2.1458e-07 4.9857e-08 3.0093e+00 3.0093e+00 4.5173e-01 1.2468e-01 9.5163e+00 9.5163e+00
2.4775e+01 1.9396e-07 4.5107e-08 3.0313e+00 3.0313e+00 4.2713e-01 1.1789e-01 9.5859e+00 9.5859e+00
2.4865e+01 1.7536e-07 4.0814e-08 3.0534e+00 3.0534e+00 4.0388e-01 1.1147e-01 9.6558e+00 9.6558e+00
2.4955e+01 1.5856e-07 3.6936e-08 3.0756e+00 3.0756e+00 3.8189e-01 1.0541e-01 9.7259e+00 9.7259e+00
2.5045e+01 1.4339e-07 3.3430e-08 3.0978e+00 3.0978e+00 3.6111e-01 9.9686e-02 9.7962e+00 9.7962e+00
2.5135e+01 1.2969e-07 3.0262e-08 3.1202e+00 3.1202e+00 3.4146e-01 9.4280e-02 9.8668e+00 9.8668e+00
2.5225e+01 1.1731e-07 2.7397e-08 3.1426e+00 3.1426e+00 3.2289e-01 8.9173e-02 9.9377e+00 9.9377e+00
2.5315e+01 1.0613e-07 2.4807e-08 3.1651e+00 3.1651e+00 3.0534e-01 8.4350e-02 1.0009e+01 1.0009e+01
2.5405e+01 9.6033e-08 2.2465e-08 3.1876e+00 3.1876e+00 2.8875e-01 7.9793e-02 1.0080e+01 1.0080e+01
2.5495e+01 8.6907e-08 2.0347e-08 3.2103e+00 3.2103e+00 2.7307e-01 7.5489e-02 1.0152e+01 1.0152e+01
2.5586e+01 7.8659e-08 1.8431e-08 3.2330e+00 3.2330e+00 2.5826e-01 7.1422e-02 1.0224e+01 1.0224e+01
2.5676e+01 7.1204e-08 1.6698e-08 3.2558e+00 3.2558e+00 2.4426e-01 6.7579e-02 1.0296e+01 1.0296e+01
2.5766e+01 6.4464e-08 1.5130e-08 3.2787e+00 3.2787e+00 2.3102e-01 6.3948e-02 1.0368e+01 1.0368e+01
2.5856e+01 5.8370e-08 1.3711e-08 3.3017e+00 3.3017e+00 2.1852e-01 6.0516e-02 1.0441e+01 1.0441e+01
2.5946e+01 5.2860e-08 1.2426e-08 3.3247e+00 3.3247e+00 2.0670e-01 5.7273e-02 1.0514e+01 1.0514e+01
2.6036e+01 4.7876e-08 1.1264e-08 3.3478e+00 3.3478e+00 1.9553e-01 5.4209e-02 1.0587e+01 1.0587e+01
2.6126e+01 4.3369e-08 1.0212e-08 3.3710e+00 3.3710e+00 1.8498e-01 5.1312e-02 1.0660e+01 1.0660e+01
2.6216e+01 3.9291e-08 9.2587e-09 3.3943e+00 3.3943e+00 1.7500e-01 4.8574e-02 1.0734e+01 1.0734e+01
2.6306e+01 3.5601e-08 8.3958e-09 3.4177e+00 3.4177e+00 1.6558e-01 4.5985e-02 1.0808e+01 1.0808e+01
2.6396e+01 3.2262e-08 7.6144e-09 3.4412e+00 3.4412e+00 1.5667e-01 4.3538e-02 1.0882e+01 1.0882e+01
2.6486e+01 2.9240e-08 6.9066e-09 3.4647e+00 3.4647e+00 1.4825e-01 4.1225e-02 1.0956e+01 1.0956e+01
2.6577e+01 2.6505e-08 6.2655e-09 3.4883e+00 3.4883e+00 1.4029e-01 3.9037e-02 1.1031e+01 1.1031e+01
2.6667e+01 2.4029e-08 5.6846e-09 3.5120e+00 3.5120e+00 1.3276e-01 3.6969e-02 1.1106e+01 1.1106e+01
2.6757e+01 2.1787e-08 5.1582e-09 3.5358e+00 3.5358e+00 1.2565e-01 3.5013e-02 1.1181e+01 1.1181e+01
2.6847e+01 1.9757e-08 4.6811e-09 3.5596e+00 3.5596e+00 1.1893e-01 3.3163e-02 1.1256e+01 1.1256e+01
2.6937e+01 1.7918e-08 4.2488e-09 3.5835e+00 3.5835e+00 1.1258e-01 3.1413e-02 1.1332e+01 1.1332e+01
2.7027e+01 1.6253e-08 3.8568e-09 3.6075e+00 3.6075e+00 1.0657e-01 2.9758e-02 1.1408e+01 1.1408e+01
2.7117e+01 1.4744e-08 3.5015e-09 3.6316e+00 3.6316e+00 1.0089e-01 2.8193e-02 1.1484e+01 1.1484e+01
2.7207e+01 1.3378e-08 3.1793e-09 3.6558e+00 3.6558e+00 9.5517e-02 2.6712e-02 1.1561e+01 1.1561e+01
2.7297e+01 1.2139e-08 2.8871e-09 3.6801e+00 3.6801e+00 9.0438e-02 2.5310e-02 1.1637e+01 1.1637e+01
2.7387e+01 1.1017e-08 2.6221e-09 3.7044e+00 3.7044e+00 8.5636e-02 2.3984e-02 1.1714e+01 1.1714e+01
2.7477e+01 9.9993e-09 2.3817e-09 3.7288e+00 3.7288e+00 8.1095e-02 2.2730e-02 1.1791e+01 1.1791e+01
2.7568e+01 9.0770e-09 2.1637e-09 3.7533e+00 3.7533e+00 7.6800e-02 2.1543e-02 1.1869e+01 1.1869e+01
2.7658e+01 8.2409e-09 1.9658e-09 3.7779e+00 3.7779e+00 7.2739e-02 2.0419e-02 1.1947e+01 1.1947e+01
2.7748e+01 7.4827e-09 1.7863e-09 3.8025e+00 3.8025e+00 6.8897e-02 1.9356e-02 1.2025e+01 1.2025e+01
2.7838e+01 6.7952e-09 1.6233e-09 3.8272e+00 3.8272e+00 6.5263e-02 1.8349e-02 1.2103e+01 1.2103e+01
2.7928e+01 6.1716e-09 1.4754e-09 3.8521e+00 3.8521e+00 6.1825e-02 1.7396e-02 1.2181e+01 1.2181e+01
2.8018e+01 5.6059e-09 1.3412e-09 3.8769e+00 3.8769e+00 5.8573e-02 1.6494e-02 1.2260e+01 1.2260e+01
2.8108e+01 5.0928e-09 1.2193e-09 3.9019e+00 3.9019e+00 5.5496e-02 1.5640e-02 1.2339e+01 1.2339e+01
2.8198e+01 4.6272e-09 1.1086e-09 3.9270e+00 3.9270e+00 5.2584e-02 1.4831e-02 1.2418e+01 1.2418e+01
2.8288e+01 4.2047e-09 1.0081e-09 3.9521e+00 3.9521e+00 4.9830e-02 1.4065e-02 1.2498e+01 1.2498e+01
2.8378e+01 3.8212e-09 9.1680e-10 3.9773e+00 3.9773e+00 4.7223e-02 1.3340e-02 1.2577e+01 1.2577e+01
2.8468e+01 3.4731e-09 8.3388e-10 4.0026e+00 4.0026e+00 4.4756e-02 1.2653e-02 1.2657e+01 1.2657e+01
2.8559e+01 3.1572e-09 7.5855e-10 4.0280e+00 4.0279e+00 4.2421e-02 1.2003e-02 1.2738e+01 1.2738e+01
2.8649e+01 2.8703e-09 6.9011e-10 4.0534e+00 4.0533e+00 4.0211e-02 1.1386e-02 1.2818e+01 1.2818e+01
2.8739e+01 2.6098e-09 6.2793e-10 4.0790e+00 4.0787e+00 3.8119e-02 1.0803e-02 1.2899e+01 1.2899e+01
2.8829e+01 2.3733e-09 5.7141e-10 4.1046e+00 4.1041e+00 3.6139e-02 1.0250e-02 1.2980e+01 1.2980e+01
2.8919e+01 2.1584e-09 5.2004e-10 4.1303e+00 4.1295e+00 3.4264e-02 9.7258e-03 1.3061e+01 1.3061e+01
2.9009e+01 1.9633e-09 4.7334e-10 4.1560e+00 4.1549e+00 3.2489e-02 9.2293e-03 1.3143e+01 1.3143e+01
2.9099e+01 1.7860e-09 4.3089e-10 4.1819e+00 4.1802e+00 3.0808e-02 8.7588e-03 1.3224e+01 1.3224e+01
2.9189e+01 1.6249e-09 3.9230e-10 4.2078e+00 4.2053e+00 2.9216e-02 8.3130e-03 1.3306e+01 1.3306e+01
2.9279e+01 1.4785e-09 3.5720e-10 4.2339e+00 4.2301e+00 2.7709e-02 7.8904e-03 1.3389e+01 1.3389e+01
2.9369e+01 1.3454e-09 3.2528e-10 4.2599e+00 4.2546e+00 2.6282e-02 7.4899e-03 1.3471e+01 1.3471e+01
2.9459e+01 1.2245e-09 2.9624e-10 4.2861e+00 4.2786e+00 2.4930e-02 7.1103e-03 1.3554e+01 1.3554e+01
2.9550e+01 1.1146e-09 2.6983e-10 4.3124e+00 4.3020e+00 2.3649e-02 6.7504e-03 1.3637e+01 1.3637e+01
2.9640e+01 1.0147e-09 2.4580e-10 4.3387e+00 4.3246e+00 2.2436e-02 6.4092e-03 1.3720e+01 1.3720e+01
2.9730e+01 9.2381e-10 2.2394e-10 4.3651e+00 4.3463e+00 2.1286e-02 6.0857e-03 1.3804e+01 1.3804e+01
2.9820e+01 8.4119e-10 2.0405e-10 4.3916e+00 4.3668e+00 2.0198e-02 5.7790e-03 1.3888e+01 1.3888e+01
2.9910e+01 7.6604e-10 1.8594e-10 4.4182e+00 4.3859e+00 1.9166e-02 5.4881e-03 1.3972e+01 1.3972e+01
3.0000e+01 6.9769e-10 1.6946e-10 4.4449e+00 4.4034e+00 1.8188e-02 5.2123e-03 1.4056e+01 1.4056e+01
3.0090e+01 6.3550e-10 1.5446e-10 4.4716e+00 4.4190e+00 1.7262e-02 4.9506e-03 1.4140e+01 1.4140e+01
3.0180e+01 5.7893e-10 1.4080e-10 4.4984e+00 4.4325e+00 1.6384e-02 4.7025e-03 1.4225e+01 1.4225e+01
3.0270e+01 5.2746e-10 1.2837e-10 4.5253e+00 4.4436e+00 1.5551e-02 4.4671e-03 1.4310e+01 1.4310e+01
3.0360e+01 4.8062e-10 1.1704e-10 4.5523e+00 4.4522e+00 1.4762e-02 4.2439e-03 1.4396e+01 1.4396e+01
3.0450e+01 4.3798e-10 1.0673e-10 4.5793e+00 4.4578e+00 1.4015e-02 4.0320e-03 1.4481e+01 1.4481e+01
3.0541e+01 3.9918e-10 9.7336e-11 4.6065e+00 4.4603e+00 1.3306e-02 3.8311e-03 1.4567e+01 1.4567e+01
3.0631e+01 3.6385e-10 8.8779e-11 4.6337e+00 4.4595e+00 1.2634e-02 3.6404e-03 1.4653e+01 1.4653e+01
3.0721e+01 3.3169e-10 8.0983e-11 4.6610e+00 4.4551e+00 1.1996e-02 3.4594e-03 1.4739e+01 1.4739e+01
3.0811e+01 3.0241e-10 7.3880e-11 4.6884e+00 4.4470e+00 1.1392e-02 3.2877e-03 1.4826e+01 1.4826e+01
3.0901e+01 2.7574e-10 6.7407e-11 4.7158e+00 4.4350e+00 1.0819e-02 3.1247e-03 1.4913e+01 1.4913e+01
3.0991e+01 2.5145e-10 6.1508e-11 4.7434e+00 4.4191e+00 1.0276e-02 2.9700e-03 1.5000e+01 1.5000e+01
3.1081e+01 2.2933e-10 5.6132e-11 4.7710e+00 4.3991e+00 9.7600e-03 2.8232e-03 1.5087e+01 1.5087e+01
3.1171e+01 2.0917e-10 5.1231e-11 4.7987e+00 4.3749e+00 9.2711e-03 2.6838e-03 1.5175e+01 1.5175e+01
3.1261e+01 1.9081e-10 4.6764e-11 4.8264e+00 4.3466e+00 8.8073e-03 2.5515e-03 1.5263e+01 1.5263e+01
3.1351e+01 1.7408e-10 4.2690e-11 4.8543e+00 4.3142e+00 8.3673e-03 2.4259e-03 1.5351e+01 1.5351e+01
3.1441e+01 1.5884e-10 3.8975e-11 4.8822e+00 4.2776e+00 7.9499e-03 2.3066e-03 1.5439e+01 1.5439e+01
3.1532e+01 1.4494e-10 3.5588e-11 4.9102e+00 4.2371e+00 7.5539e-03 2.1934e-03 1.5528e+01 1.5528e+01
3.1622e+01 1.3228e-10 3.2498e-11 4.9382e+00 4.1926e+00 7.1781e-03 2.0858e-03 1.5616e+01 1.5616e+01
3.1712e+01 1.2073e-10 2.9680e-11 4.9663e+00 4.1443e+00 6.8214e-03 1.9837e-03 1.5706e+01 1.5706e+01
3.1802e+01 1.1021e-10 2.7109e-11 4.9945e+00 4.0925e+00 6.4830e-03 1.8867e-03 1.5795e+01 1.5795e+01
3.1892e+01 1.0061e-10 2.4763e-11 5.0226e+00 4.0372e+00 6.1618e-03 1.7946e-03 1.5885e+01 1.5885e+01
3.1982e+01 9.1859e-11 2.2623e-11 5.0507e+00 3.9786e+00 5.8569e-03 1.7070e-03 1.5974e+01 1.5974e+01
3.2072e+01 8.3878e-11 2.0670e-11 5.0787e+00 3.9170e+00 5.5675e-03 1.6239e-03 1.6065e+01 1.6065e+01
3.2162e+01 7.6598e-11 1.8887e-11 5.1066e+00 3.8526e+00 5.2928e-03 1.5449e-03 1.6155e+01 1.6155e+01
3.2252e+01 6.9959e-11 1.7261e-11 5.1343e+00 3.7856e+00 5.0320e-03 1.4699e-03 1.6246e+01 1.6246e+01
3.2342e+01 6.3901e-11 1.5775e-11 5.1617e+00 3.7163e+00 4.7843e-03 1.3986e-03 1.6336e+01 1.6336e+01
3.2432e+01 5.8374e-11 1.4419e-11 5.1887e+00 3.6448e+00 4.5492e-03 1.3308e-03 1.6428e+01 1.6428e+01
3.2523e+01 5.3331e-11 1.3181e-11 5.2151e+00 3.5716e+00 4.3259e-03 1.2664e-03 1.6519e+01 1.6519e+01
3.2613e+01 4.8728e-11 1.2051e-11 5.2408e+00 3.4967e+00 4.1139e-03 1.2052e-03 1.6611e+01 1.6611e+01
3.2703e+01 4.4528e-11 1.1018e-11 5.2656e+00 3.4205e+00 3.9125e-03 1.1471e-03 1.6703e+01 1.6703e+01
3.2793e+01 4.0694e-11 1.0076e-11 5.2893e+00 3.3432e+00 3.7213e-03 1.0918e-03 1.6795e+01 1.6795e+01
3.2883e+01 3.7194e-11 9.2145e-12 5.3117e+00 3.2650e+00 3.5396e-03 1.0392e-03 1.6887e+01 1.6887e+01
3.2973e+01 3.3998e-11 8.4275e-12 5.3324e+00 3.1861e+00 3.3671e-03 9.8928e-04 1.6980e+01 1.6980e+01
3.3063e+01 3.1080e-11 7.7088e-12 5.3513e+00 3.1069e+00 3.2031e-03 9.4179e-04 1.7073e+01 1.7073e+01
3.3153e+01 2.8416e-11 7.0524e-12 5.3681e+00 3.0273e+00 3.0474e-03 8.9664e-04 1.7166e+01 1.7166e+01
3.3243e+01 2.5983e-11 6.4521e-12 5.3824e+00 2.9477e+00 2.8994e-03 8.5371e-04 1.7259e+01 1.7259e+01
3.3333e+01 2.3760e-11 5.9035e-12 5.3939e+00 2.8683e+00 2.7588e-03 8.1289e-04 1.7353e+01 1.7353e+01
3.3423e+01 2.1730e-11 5.4019e-12 5.4024e+00 2.7892e+00 2.6252e-03 7.7407e-04 1.7447e+01 1.7447e+01
3.3514e+01 1.9875e-11 4.9439e-12 5.4076e+00 2.7105e+00 2.4983e-03 7.3716e-04 1.7541e+01 1.7541e+01
3.3604e+01 1.8181e-11 4.5248e-12 5.4092e+00 2.6325e+00 2.3776e-03 7.0205e-04 1.7635e+01 1.7635e+01
3.3694e+01 1.6633e-11 4.1420e-12 5.4069e+00 2.5552e+00 2.2629e-03 6.6865e-04 1.7730e+01 1.7730e+01
3.3784e+01 1.5218e-11 3.7918e-12 5.4005e+00 2.4789e+00 2.1539e-03 6.3688e-04 1.7825e+01 1.7825e+01
3.3874e+01 1.3924e-11 3.4717e-12 5.3898e+00 2.4035e+00 2.0503e-03 6.0667e-04 1.7920e+01 1.7920e+01
3.3964e+01 1.2742e-11 3.1783e-12 5.3746e+00 2.3292e+00 1.9518e-03 5.7792e-04 1.8016e+01 1.8016e+01
3.4054e+01 1.1662e-11 2.9103e-12 5.3548e+00 2.2560e+00 1.8581e-03 5.5057e-04 1.8111e+01 1.8111e+01
3.4144e+01 1.0674e-11 2.6656e-12 5.3301e+00 2.1842e+00 1.7691e-03 5.2454e-04 1.8207e+01 1.8207e+01
3.4234e+01 9.7709e-12 2.4413e-12 5.3007e+00 2.1137e+00 1.6844e-03 4.9978e-04 1.8304e+01 1.8304e+01
3.4324e+01 8.9451e-12 2.2364e-12 5.2664e+00 2.0446e+00 1.6039e-03 4.7622e-04 1.8400e+01 1.8400e+01
3.4414e+01 8.1901e-12 2.0488e-12 5.2273e+00 1.9769e+00 1.5273e-03 4.5380e-04 1.8497e+01 1.8497e+01
3.4505e+01 7.4993e-12 1.8768e-12 5.1833e+00 1.9107e+00 1.4545e-03 4.3246e-04 1.8594e+01 1.8594e+01
3.4595e+01 6.8672e-12 1.7199e-12 5.1347e+00 1.8460e+00 1.3852e-03 4.1215e-04 1.8691e+01 1.8691e+01
3.4685e+01 6.2896e-12 1.5759e-12 5.0814e+00 1.7829e+00 1.3194e-03 3.9281e-04 1.8788e+01 1.8788e+01
3.4775e+01 5.7607e-12 1.4441e-12 5.0236e+00 1.7213e+00 1.2567e-03 3.7441e-04 1.8886e+01 1.8886e+01
3.4865e+01 5.2767e-12 1.3237e-12 4.9616e+00 1.6613e+00 1.1971e-03 3.5689e-04 1.8984e+01 1.8984e+01
3.4955e+01 4.8344e-12 1.2133e-12 4.8954e+00 1.6030e+00 1.1404e-03 3.4021e-04 1.9082e+01 1.9082e+01
3.5045e+01 4.4290e-12 1.1118e-12 4.8254e+00 1.5462e+00 1.0864e-03 3.2434e-04 1.9181e+01 1.9181e+01
3.5135e+01 4.0585e-12 1.0194e-12 4.7518e+00 1.4910e+00 1.0351e-03 3.0922e-04 1.9280e+01 1.9280e+01
3.5225e+01 3.7188e-12 9.3480e-13 4.6748e+00 1.4373e+00 9.8627e-04 2.9482e-04 1.9379e+01 1.9379e+01
3.5315e+01 3.4082e-12 8.5684e-13 4.5948e+00 1.3853e+00 9.3978e-04 2.8111e-04 1.9478e+01 1.9478e+01
3.5405e+01 3.1239e-12 7.8630e-13 4.5119e+00 1.3348e+00 8.9555e-04 2.6806e-04 1.9577e+01 1.9577e+01
3.5495e+01 2.8635e-12 7.2054e-13 4.4265e+00 1.2859e+00 8.5345e-04 2.5562e-04 1.9677e+01 1.9677e+01
3.5586e+01 2.6246e-12 6.6101e-13 4.3388e+00 1.2385e+00 8.1338e-04 2.4378e-04 1.9777e+01 1.9777e+01
3.5676e+01 2.4062e-12 6.0644e-13 4.2493e+00 1.1926e+00 7.7523e-04 2.3250e-04 1.9877e+01 1.9877e+01
3.5766e+01 2.2066e-12 5.5620e-13 4.1580e+00 1.1481e+00 7.3893e-04 2.2176e-04 1.9978e+01 1.9978e+01
3.5856e+01 2.0231e-12 5.1037e-13 4.0654e+00 1.1051e+00 7.0436e-04 2.1152e-04 2.0079e+01 2.0079e+01
3.5946e+01 1.8555e-12 4.6830e-13 3.9716e+00 1.0636e+00 6.7146e-04 2.0177e-04 2.0180e+01 2.0180e+01
3.6036e+01 1.7018e-12 4.3007e-13 3.8771e+00 1.0234e+00 6.4013e-04 1.9248e-04 2.0281e+01 2.0281e+01
3.6126e+01 1.5607e-12 3.9429e-13 3.7819e+00 9.8456e-01 6.1030e-04 1.8363e-04 2.0383e+01 2.0383e+01
3.6216e+01 1.4319e-12 3.6174e-13 3.6864e+00 9.4707e-01 5.8189e-04 1.7520e-04 2.0484e+01 2.0484e+01
3.6306e+01 1.3140e-12 3.3247e-13 3.5908e+00 9.1088e-01 5.5484e-04 1.6716e-04 2.0586e+01 2.0586e+01
3.6396e+01 1.2050e-12 3.0506e-13 3.4954e+00 8.7596e-01 5.2908e-04 1.5950e-04 2.0689e+01 2.0689e+01
3.6486e+01 1.1059e-12 2.8030e-13 3.4002e+00 8.4227e-01 5.0455e-04 1.5220e-04 2.0791e+01 2.0791e+01
3.6577e+01 1.0152e-12 2.5674e-13 3.3055e+00 8.0977e-01 4.8118e-04 1.4524e-04 2.0894e+01 2.0894e+01
3.6667e+01 9.3178e-13 2.3589e-13 3.2116e+00 7.7845e-01 4.5892e-04 1.3861e-04 2.0997e+01 2.0997e+01
3.6757e+01 8.5488e-13 2.1705e-13 3.1185e+00 7.4825e-01 4.3772e-04 1.3229e-04 2.1100e+01 2.1100e+01
3.6847e+01 7.8463e-13 1.9876e-13 3.0264e+00 7.1915e-01 4.1752e-04 1.2627e-04 2.1204e+01 2.1204e+01
3.6937e+01 7.2040e-13 1.8253e-13 2.9354e+00 6.9112e-01 3.9828e-04 1.2052e-04 2.1308e+01 2.1308e+01
3.7027e+01 6.6152e-13 1.6764e-13 2.8458e+00 6.6413e-01 3.7995e-04 1.1505e-04 2.1412e+01 2.1412e+01
3.7117e+01 6.0734e-13 1.5410e-13 2.7574e+00 6.3813e-01 3.6248e-04 1.0983e-04 2.1516e+01 2.1516e+01
3.7207e+01 5.5791e-13 1.4195e-13 2.6706e+00 6.1311e-01 3.4584e-04 1.0485e-04 2.1621e+01 2.1621e+01
3.7297e+01 5.1180e-13 1.3043e-13 2.5853e+00 5.8902e-01 3.2997e-04 1.0010e-04 2.1725e+01 2.1725e+01
3.7387e+01 4.7059e-13 1.1956e-13 2.5017e+00 5.6584e-01 3.1486e-04 9.5575e-05 2.1831e+01 2.1831e+01
3.7477e+01 4.3204e-13 1.1013e-13 2.4198e+00 5.4354e-01 3.0045e-04 9.1259e-05 2.1936e+01 2.1936e+01
3.7568e+01 3.9698e-13 1.0137e-13 2.3396e+00 5.2208e-01 2.8672e-04 8.7142e-05 2.2041e+01 2.2041e+01
3.7658e+01 3.6467e-13 9.2529e-14 2.2612e+00 5.0145e-01 2.7364e-04 8.3216e-05 2.2147e+01 2.2147e+01
3.7748e+01 3.3517e-13 8.5160e-14 2.1847e+00 4.8160e-01 2.6116e-04 7.9470e-05 2.2253e+01 2.2253e+01
3.7838e+01 3.0773e-13 7.8501e-14 2.1100e+00 4.6252e-01 2.4927e-04 7.5898e-05 2.2360e+01 2.2360e+01
3.7928e+01 2.8238e-13 7.1777e-14 2.0372e+00 4.4418e-01 2.3793e-04 7.2490e-05 2.2466e+01 2.2466e+01
3.8018e+01 2.5994e-13 6.6571e-14 1.9663e+00 4.2654e-01 2.2713e-04 6.9239e-05 2.2573e+01 2.2573e+01
3.8108e+01 2.3888e-13 6.1313e-14 1.8973e+00 4.0959e-01 2.1682e-04 6.6138e-05 2.2680e+01 2.2680e+01
3.8198e+01 2.1921e-13 5.6003e-14 1.8302e+00 3.9330e-01 2.0700e-04 6.3179e-05 2.2788e+01 2.2788e+01
3.8288e+01 2.0176e-13 5.1444e-14 1.7650e+00 3.7765e-01 1.9763e-04 6.0355e-05 2.2895e+01 2.2895e+01
3.8378e+01 1.8575e-13 4.7649e-14 1.7017e+00 3.6260e-01 1.8869e-04 5.7661e-05 2.3003e+01 2.3003e+01
3.8468e+01 1.7039e-13 4.3816e-14 1.6402e+00 3.4815e-01 1.8017e-04 5.5090e-05 2.3111e+01 2.3111e+01
3.8559e+01 1.5652e-13 3.9945e-14 1.5806e+00 3.3427e-01 1.7205e-04 5.2637e-05 2.3220e+01 2.3220e+01
3.8649e+01 1.4415e-13 3.6856e-14 1.5228e+00 3.2093e-01 1.6430e-04 5.0295e-05 2.3328e+01 2.3328e+01
3.8739e+01 1.3248e-13 3.3736e-14 1.4668e+00 3.0812e-01 1.5690e-04 4.8061e-05 2.3437e+01 2.3437e+01
3.8829e+01 1.2235e-13 3.1414e-14 1.4126e+00 2.9581e-01 1.4985e-04 4.5928e-05 2.3546e+01 2.3546e+01
3.8919e+01 1.1212e-13 2.9068e-14 1.3602e+00 2.8400e-01 1.4312e-04 4.3892e-05 2.3656e+01 2.3656e+01
3.9009e+01 1.0346e-13 2.6700e-14 1.3094e+00 2.7265e-01 1.3671e-04 4.1948e-05 2.3765e+01 2.3765e+01
3.9099e+01 9.4719e-14 2.4308e-14 1.2604e+00 2.6175e-01 1.3058e-04 4.0093e-05 2.3875e+01 2.3875e+01
3.9189e+01 8.7577e-14 2.2736e-14 1.2129e+00 2.5128e-01 1.2474e-04 3.8322e-05 2.3985e+01 2.3985e+01
3.9279e+01 8.0367e-14 2.0303e-14 1.1671e+00 2.4123e-01 1.1917e-04 3.6631e-05 2.4096e+01 2.4096e+01
3.9369e+01 7.3937e-14 1.8697e-14 1.1229e+00 2.3159e-01 1.1385e-04 3.5016e-05 2.4206e+01 2.4206e+01
3.9459e+01 6.8299e-14 1.7929e-14 1.0801e+00 2.2232e-01 1.0878e-04 3.3475e-05 2.4317e+01 2.4317e+01
3.9550e+01 6.2608e-14 1.6295e-14 1.0389e+00 2.1343e-01 1.0393e-04 3.2003e-05 2.4429e+01 2.4429e+01
3.9640e+01 5.7724e-14 1.4646e-14 9.9914e-01 2.0489e-01 9.9309e-05 3.0597e-05 2.4540e+01 2.4540e+01
3.9730e+01 5.2794e-14 1.3848e-14 9.6077e-01 1.9669e-01 9.4897e-05 2.9254e-05 2.4652e+01 2.4652e+01
3.9820e+01 4.8687e-14 1.2172e-14 9.2378e-01 1.8882e-01 9.0686e-05 2.7972e-05 2.4764e+01 2.4764e+01
3.9910e+01 4.4541e-14 1.1354e-14 8.8812e-01 1.8127e-01 8.6667e-05 2.6748e-05 2.4876e+01 2.4876e+01
4.0000e+01 4.1233e-14 1.0528e-14 8.5375e-01 1.7402e-01 8.2830e-05 2.5578e-05 2.4988e+01 2.4988e+01
4.0090e+01 3.7894e-14 9.6937e-15 8.2064e-01 1.6706e-01 7.9167e-05 2.4461e-05 2.5101e+01 2.5101e+01
4.0180e+01 3.5409e-14 8.8522e-15 7.8875e-01 1.6038e-01 7.5670e-05 2.3393e-05 2.5214e+01 2.5214e+01
4.0270e+01 3.2011e-14 8.0027e-15 7.5804e-01 1.5397e-01 7.2332e-05 2.2374e-05 2.5327e+01 2.5327e+01
4.0360e+01 2.9475e-14 8.0385e-15 7.2846e-01 1.4781e-01 6.9144e-05 2.1400e-05 2.5440e+01 2.5440e+01
4.0450e+01 2.7812e-14 7.1773e-15 7.0000e-01 1.4191e-01 6.6100e-05 2.0469e-05 2.5554e+01 2.5554e+01
4.0541e+01 2.5233e-14 6.3082e-15 6.7260e-01 1.3623e-01 6.3194e-05 1.9580e-05 2.5668e+01 2.5668e+01
4.0631e+01 2.3535e-14 6.3362e-15 6.4623e-01 1.3079e-01 6.0418e-05 1.8731e-05 2.5782e+01 2.5782e+01
4.0721e+01 2.1821e-14 5.4552e-15 6.2086e-01 1.2557e-01 5.7767e-05 1.7919e-05 2.5897e+01 2.5897e+01
4.0811e+01 2.0091e-14 5.4793e-15 5.9646e-01 1.2055e-01 5.5236e-05 1.7143e-05 2.6011e+01 2.6011e+01
4.0901e+01 1.8345e-14 4.5863e-15 5.7299e-01 1.1574e-01 5.2818e-05 1.6402e-05 2.6126e+01 2.6126e+01
4.0991e+01 1.6583e-14 4.6065e-15 5.5041e-01 1.1112e-01 5.0509e-05 1.5693e-05 2.6242e+01 2.6242e+01
4.1081e+01 1.5731e-14 3.7014e-15 5.2870e-01 1.0669e-01 4.8303e-05 1.5016e-05 2.6357e+01 2.6357e+01
4.1171e+01 1.3941e-14 3.7177e-15 5.0783e-01 1.0244e-01 4.6195e-05 1.4369e-05 2.6473e+01 2.6473e+01
4.1261e+01 1.3069e-14 3.7340e-15 4.8777e-01 9.8353e-02 4.4182e-05 1.3750e-05 2.6589e+01 2.6589e+01
4.1351e+01 1.2188e-14 2.8127e-15 4.6848e-01 9.4433e-02 4.2259e-05 1.3159e-05 2.6705e+01 2.6705e+01
4.1441e+01 1.1300e-14 2.8250e-15 4.4994e-01 9.0672e-02 4.0422e-05 1.2594e-05 2.6822e+01 2.6822e+01
4.1532e+01 1.0403e-14 2.8373e-15 4.3212e-01 8.7061e-02 3.8666e-05 1.2053e-05 2.6938e+01 2.6938e+01
4.1622e+01 9.4987e-15 2.8496e-15 4.1500e-01 8.3596e-02 3.6988e-05 1.1537e-05 2.7055e+01 2.7055e+01
4.1712e+01 8.5859e-15 1.9080e-15 3.9855e-01 8.0270e-02 3.5386e-05 1.1043e-05 2.7173e+01 2.7173e+01
4.1802e+01 7.6649e-15 1.9162e-15 3.8274e-01 7.7078e-02 3.3854e-05 1.0570e-05 2.7290e+01 2.7290e+01
4.1892e+01 7.6979e-15 1.9245e-15 3.6755e-01 7.4014e-02 3.2390e-05 1.0119e-05 2.7408e+01 2.7408e+01
4.1982e+01 6.7647e-15 1.9328e-15 3.5296e-01 7.1073e-02 3.0991e-05 9.6867e-06 2.7526e+01 2.7526e+01
4.2072e+01 6.7938e-15 1.9411e-15 3.3895e-01 6.8250e-02 2.9654e-05 9.2737e-06 2.7644e+01 2.7644e+01
4.2162e+01 5.8482e-15 1.9494e-15 3.2549e-01 6.5540e-02 2.8376e-05 8.8788e-06 2.7763e+01 2.7763e+01
4.2252e+01 5.8732e-15 9.7887e-16 3.1256e-01 6.2940e-02 2.7154e-05 8.5010e-06 2.7881e+01 2.7881e+01
4.2342e+01 4.9152e-15 9.8305e-16 3.0014e-01 6.0443e-02 2.5986e-05 8.1397e-06 2.8000e+01 2.8000e+01
4.2432e+01 4.9362e-15 9.8724e-16 2.8821e-01 5.8047e-02 2.4870e-05 7.7942e-06 2.8120e+01 2.8120e+01
4.2523e+01 3.9657e-15 9.9143e-16 2.7675e-01 5.5747e-02 2.3803e-05 7.4637e-06 2.8239e+01 2.8239e+01
4.2613e+01 3.9826e-15 9.9564e-16 2.6575e-01 5.3539e-02 2.2782e-05 7.1475e-06 2.8359e+01 2.8359e+01
4.2703e+01 3.9994e-15 9.9985e-16 2.5519e-01 5.1420e-02 2.1807e-05 6.8451e-06 2.8479e+01 2.8479e+01
4.2793e+01 3.0122e-15 1.0041e-15 2.4504e-01 4.9385e-02 2.0874e-05 6.5557e-06 2.8599e+01 2.8599e+01
4.2883e+01 3.0249e-15 1.0083e-15 2.3530e-01 4.7433e-02 1.9982e-05 6.2789e-06 2.8720e+01 2.8720e+01
4.2973e+01 3.0376e-15 1.0125e-15 2.2595e-01 4.5558e-02 1.9129e-05 6.0140e-06 2.8841e+01 2.8841e+01
4.3063e+01 3.0504e-15 1.0168e-15 2.1697e-01 4.3758e-02 1.8314e-05 5.7606e-06 2.8962e+01 2.8962e+01
4.3153e+01 2.0421e-15 1.0211e-15 2.0834e-01 4.2030e-02 1.7534e-05 5.5181e-06 2.9083e+01 2.9083e+01
4.3243e+01 2.0506e-15 1.0253e-15 2.0006e-01 4.0372e-02 1.6788e-05 5.2861e-06 2.9205e+01 2.9205e+01
4.3333e+01 2.0592e-15 1.0296e-15 1.9211e-01 3.8780e-02 1.6075e-05 5.0641e-06 2.9326e+01 2.9326e+01
4.3423e+01 2.0678e-15 0.0000e+00 1.8448e-01 3.7251e-02 1.5392e-05 4.8516e-06 2.9448e+01 2.9448e+01
4.3514e+01 2.0764e-15 0.0000e+00 1.7715e-01 3.5783e-02 1.4739e-05 4.6482e-06 2.9571e+01 2.9571e+01
4.3604e+01 2.0850e-15 0.0000e+00 1.7012e-01 3.4374e-02 1.4115e-05 4.4536e-06 2.9693e+01 2.9693e+01
4.3694e+01 1.0468e-15 0.0000e+00 1.6337e-01 3.3022e-02 1.3518e-05 4.2673e-06 2.9816e+01 2.9816e+01
4.3784e+01 1.0511e-15 0.0000e+00 1.5688e-01 3.1723e-02 1.2946e-05 4.0890e-06 2.9939e+01 2.9939e+01
4.3874e+01 1.0554e-15 0.0000e+00 1.5066e-01 3.0476e-02 1.2400e-05 3.9184e-06 3.0063e+01 3.0063e+01
4.3964e+01 1.0598e-15 0.0000e+00 1.4468e-01 2.9278e-02 1.1877e-05 3.7550e-06 3.0186e+01 3.0186e+01
4.4054e+01 1.0641e-15 0.0000e+00 1.3894e-01 2.8129e-02 1.1376e-05 3.5986e-06 3.0310e+01 3.0310e+01
4.4144e+01 1.0685e-15 0.0000e+00 1.3344e-01 2.7025e-02 1.0897e-05 3.4488e-06 3.0434e+01 3.0434e+01
4.4234e+01 1.0729e-15 0.0000e+00 1.2815e-01 2.5965e-02 1.0439e-05 3.3055e-06 3.0558e+01 3.0558e+01
4.4324e+01 1.0772e-15 0.0000e+00 1.2307e-01 2.4947e-02 1.0001e-05 3.1682e-06 3.0683e+01 3.0683e+01
4.4414e+01 1.0816e-15 0.0000e+00 1.1820e-01 2.3970e-02 9.5809e-06 3.0368e-06 3.0808e+01 3.0808e+01
4.4505e+01 1.0860e-15 0.0000e+00 1.1352e-01 2.3031e-02 9.1793e-06 2.9110e-06 3.0933e+01 3.0933e+01
4.4595e+01 1.0904e-15 0.0000e+00 1.0903e-01 2.2130e-02 8.7950e-06 2.7905e-06 3.1058e+01 3.1058e+01
4.4685e+01 1.0948e-15 0.0000e+00 1.0471e-01 2.1264e-02 8.4271e-06 2.6751e-06 3.1184e+01 3.1183e+01
4.4775e+01 1.0992e-15 0.0000e+00 1.0057e-01 2.0433e-02 8.0749e-06 2.5646e-06 3.1310e+01 3.1309e+01
4.4865e+01 0.0000e+00 0.0000e+00 9.6600e-02 1.9635e-02 7.7379e-06 2.4587e-06 3.1436e+01 3.1435e+01
4.4955e+01 0.0000e+00 0.0000e+00 9.2784e-02 1.8868e-02 7.4152e-06 2.3574e-06 3.1562e+01 3.1561e+01
4.5045e+01 0.0000e+00 0.0000e+00 8.9121e-02 1.8132e-02 7.1063e-06 2.2603e-06 3.1689e+01 3.1687e+01
4.5135e+01 0.0000e+00 0.0000e+00 8.5604e-02 1.7425e-02 6.8106e-06 2.1673e-06 3.1816e+01 3.1813e+01
4.5225e+01 0.0000e+00 0.0000e+00 8.2227e-02 1.6746e-02 6.5275e-06 2.0782e-06 3.1943e+01 3.1940e+01
4.5315e+01 0.0000e+00 0.0000e+00 7.8985e-02 1.6093e-02 6.2564e-06 1.9929e-06 3.2070e+01 3.2066e+01
4.5405e+01 0.0000e+00 0.0000e+00 7.5872e-02 1.5467e-02 5.9969e-06 1.9111e-06 3.2198e+01 3.2193e+01
4.5495e+01 0.0000e+00 0.0000e+00 7.2883e-02 1.4865e-02 5.7484e-06 1.8328e-06 3.2326e+01 3.2319e+01
4.5586e+01 0.0000e+00 0.0000e+00 7.0014e-02 1.4287e-02 5.5104e-06 1.7578e-06 3.2454e+01 3.2446e+01
4.5676e+01 0.0000e+00 0.0000e+00 6.7259e-02 1.3732e-02 5.2825e-06 1.6859e-06 3.2583e+01 3.2572e+01
4.5766e+01 0.0000e+00 0.0000e+00 6.4613e-02 1.3199e-02 5.0642e-06 1.6170e-06 3.2711e+01 3.2698e+01
4.5856e+01 0.0000e+00 0.0000e+00 6.2073e-02 1.2686e-02 4.8552e-06 1.5510e-06 3.2840e+01 3.2824e+01
4.5946e+01 0.0000e+00 0.0000e+00 5.9634e-02 1.2194e-02 4.6550e-06 1.4878e-06 3.2969e+01 3.2950e+01
4.6036e+01 0.0000e+00 0.0000e+00 5.7292e-02 1.1722e-02 4.4633e-06 1.4272e-06 3.3099e+01 3.3075e+01
4.6126e+01 0.0000e+00 0.0000e+00 5.5044e-02 1.1267e-02 4.2797e-06 1.3691e-06 3.3228e+01 3.3199e+01
4.6216e+01 0.0000e+00 0.0000e+00 5.2884e-02 1.0831e-02 4.1037e-06 1.3135e-06 3.3358e+01 3.3323e+01
4.6306e+01 0.0000e+00 0.0000e+00 5.0811e-02 1.0412e-02 3.9352e-06 1.2602e-06 3.3488e+01 3.3446e+01
4.6396e+01 0.0000e+00 0.0000e+00 4.8820e-02 1.0009e-02 3.7738e-06 1.2090e-06 3.3619e+01 3.3568e+01
4.6486e+01 0.0000e+00 0.0000e+00 4.6908e-02 9.6224e-03 3.6191e-06 1.1600e-06 3.3750e+01 3.3689e+01
4.6577e+01 0.0000e+00 0.0000e+00 4.5072e-02 9.2507e-03 3.4710e-06 1.1131e-06 3.3881e+01 3.3809e+01
4.6667e+01 0.0000e+00 0.0000e+00 4.3309e-02 8.8936e-03 3.3290e-06 1.0681e-06 3.4012e+01 3.3927e+01
4.6757e+01 0.0000e+00 0.0000e+00 4.1615e-02 8.5504e-03 3.1930e-06 1.0249e-06 3.4143e+01 3.4044e+01
4.6847e+01 0.0000e+00 0.0000e+00 3.9989e-02 8.2207e-03 3.0627e-06 9.8353e-07 3.4275e+01 3.4158e+01
4.6937e+01 0.0000e+00 0.0000e+00 3.8427e-02 7.9039e-03 2.9378e-06 9.4387e-07 3.4407e+01 3.4271e+01
4.7027e+01 0.0000e+00 0.0000e+00 3.6927e-02 7.5995e-03 2.8181e-06 9.0584e-07 3.4539e+01 3.4381e+01
4.7117e+01 0.0000e+00 0.0000e+00 3.5487e-02 7.3070e-03 2.7034e-06 8.6939e-07 3.4671e+01 3.4489e+01
4.7207e+01 0.0000e+00 0.0000e+00 3.4103e-02 7.0259e-03 2.5935e-06 8.3443e-07 3.4804e+01 3.4594e+01
4.7297e+01 0.0000e+00 0.0000e+00 3.2774e-02 6.7558e-03 2.4882e-06 8.0091e-07 3.4937e+01 3.4696e+01
4.7387e+01 0.0000e+00 0.0000e+00 3.1498e-02 6.4962e-03 2.3873e-06 7.6877e-07 3.5070e+01 3.4794e+01
4.7477e+01 0.0000e+00 0.0000e+00 3.0272e-02 6.2467e-03 2.2905e-06 7.3795e-07 3.5204e+01 3.4889e+01
4.7568e+01 0.0000e+00 0.0000e+00 2.9095e-02 6.0070e-03 2.1977e-06 7.0840e-07 3.5338e+01 3.4980e+01
4.7658e+01 0.0000e+00 0.0000e+00 2.7964e-02 5.7766e-03 2.1088e-06 6.8006e-07 3.5472e+01 3.5067e+01
4.7748e+01 0.0000e+00 0.0000e+00 2.6877e-02 5.5552e-03 2.0236e-06 6.5287e-07 3.5606e+01 3.5149e+01
4.7838e+01 0.0000e+00 0.0000e+00 2.5834e-02 5.3424e-03 1.9419e-06 6.2680e-07 3.5740e+01 3.5226e+01
4.7928e+01 0.0000e+00 0.0000e+00 2.4831e-02 5.1378e-03 1.8636e-06 6.0180e-07 3.5875e+01 3.5299e+01
4.8018e+01 0.0000e+00 0.0000e+00 2.3868e-02 4.9413e-03 1.7885e-06 5.7781e-07 3.6010e+01 3.5366e+01
4.8108e+01 0.0000e+00 0.0000e+00 2.2943e-02 4.7523e-03 1.7165e-06 5.5480e-07 3.6145e+01 3.5427e+01
4.8198e+01 0.0000e+00 0.0000e+00 2.2054e-02 4.5707e-03 1.6475e-06 5.3273e-07 3.6281e+01 3.5482e+01
4.8288e+01 0.0000e+00 0.0000e+00 2.1201e-02 4.3961e-03 1.5813e-06 5.1156e-07 3.6417e+01 3.5532e+01
4.8378e+01 0.0000e+00 0.0000e+00 2.0380e-02 4.2283e-03 1.5178e-06 4.9125e-07 3.6553e+01 3.5574e+01
4.8468e+01 0.0000e+00 0.0000e+00 1.9592e-02 4.0670e-03 1.4570e-06 4.7177e-07 3.6689e+01 3.5610e+01
4.8559e+01 0.0000e+00 0.0000e+00 1.8835e-02 3.9119e-03 1.3986e-06 4.5307e-07 3.6825e+01 3.5639e+01
4.8649e+01 0.0000e+00 0.0000e+00 1.8108e-02 3.7629e-03 1.3426e-06 4.3514e-07 3.6962e+01 3.5660e+01
4.8739e+01 0.0000e+00 0.0000e+00 1.7409e-02 3.6196e-03 1.2889e-06 4.1793e-07 3.7099e+01 3.5674e+01
4.8829e+01 0.0000e+00 0.0000e+00 1.6737e-02 3.4818e-03 1.2375e-06 4.0141e-07 3.7236e+01 3.5680e+01
4.8919e+01 0.0000e+00 0.0000e+00 1.6092e-02 3.3494e-03 1.1881e-06 3.8557e-07 3.7374e+01 3.5678e+01
4.9009e+01 0.0000e+00 0.0000e+00 1.5472e-02 3.2221e-03 1.1407e-06 3.7036e-07 3.7512e+01 3.5668e+01
4.9099e+01 0.0000e+00 0.0000e+00 1.4876e-02 3.0997e-03 1.0953e-06 3.5577e-07 3.7650e+01 3.5650e+01
4.9189e+01 0.0000e+00 0.0000e+00 1.4304e-02 2.9820e-03 1.0517e-06 3.4176e-07 3.7788e+01 3.5623e+01
4.9279e+01 0.0000e+00 0.0000e+00 1.3754e-02 2.8688e-03 1.0099e-06 3.2832e-07 3.7926e+01 3.5588e+01
4.9369e+01 0.0000e+00 0.0000e+00 1.3225e-02 2.7600e-03 9.6979e-07 3.1543e-07 3.8065e+01 3.5543e+01
4.9459e+01 0.0000e+00 0.0000e+00 1.2717e-02 2.6554e-03 9.3132e-07 3.0304e-07 3.8204e+01 3.5490e+01
4.9550e+01 0.0000e+00 0.0000e+00 1.2229e-02 2.5548e-03 8.9440e-07 2.9116e-07 3.8343e+01 3.5428e+01
4.9640e+01 0.0000e+00 0.0000e+00 1.1760e-02 2.4581e-03 8.5899e-07 2.7975e-07 3.8482e+01 3.5357e+01
4.9730e+01 0.0000e+00 0.0000e+00 1.1309e-02 2.3651e-03 8.2500e-07 2.6880e-07 3.8622e+01 3.5276e+01
4.9820e+01 0.0000e+00 0.0000e+00 1.0876e-02 2.2757e-03 7.9240e-07 2.5829e-07 3.8761e+01 3.5187e+01
4.9910e+01 0.0000e+00 0.0000e+00 1.0459e-02 2.1897e-03 7.6111e-07 2.4820e-07 3.8901e+01 3.5089e+01
5.0000e+01 0.0000e+00 0.0000e+00 1.0059e-02 2.1070e-03 7.3108e-07 2.3851e-07 3.9041e+01 3.4981e+01
5.0090e+01 0.0000e+00 0.0000e+00 9.6740e-03 2.0275e-03 7.0227e-07 2.2921e-07 3.9181e+01 3.4864e+01
5.0180e+01 0.0000e+00 0.0000e+00 9.3042e-03 1.9510e-03 6.7462e-07 2.2028e-07 3.9321e+01 3.4739e+01
5.0270e+01 0.0000e+00 0.0000e+00 8.9488e-03 1.8774e-03 6.4808e-07 2.1171e-07 3.9461e+01 3.4604e+01
5.0360e+01 0.0000e+00 0.0000e+00 8.6071e-03 1.8067e-03 6.2261e-07 2.0348e-07 3.9601e+01 3.4461e+01
5.0450e+01 0.0000e+00 0.0000e+00 8.2787e-03 1.7387e-03 5.9817e-07 1.9557e-07 3.9741e+01 3.4308e+01
5.0541e+01 0.0000e+00 0.0000e+00 7.9630e-03 1.6732e-03 5.7470e-07 1.8798e-07 3.9880e+01 3.4147e+01
5.0631e+01 0.0000e+00 0.0000e+00 7.6595e-03 1.6103e-03 5.5218e-07 1.8069e-07 4.0020e+01 3.3978e+01
5.0721e+01 0.0000e+00 0.0000e+00 7.3678e-03 1.5498e-03 5.3056e-07 1.7369e-07 4.0159e+01 3.3800e+01
5.0811e+01 0.0000e+00 0.0000e+00 7.0874e-03 1.4915e-03 5.0981e-07 1.6697e-07 4.0297e+01 3.3614e+01
5.0901e+01 0.0000e+00 0.0000e+00 6.8178e-03 1.4355e-03 4.8989e-07 1.6051e-07 4.0435e+01 3.3420e+01
5.0991e+01 0.0000e+00 0.0000e+00 6.5586e-03 1.3817e-03 4.7076e-07 1.5431e-07 4.0572e+01 3.3218e+01
5.1081e+01 0.0000e+00 0.0000e+00 6.3094e-03 1.3299e-03 4.5240e-07 1.4836e-07 4.0709e+01 3.3009e+01
5.1171e+01 0.0000e+00 0.0000e+00 6.0698e-03 1.2800e-03 4.3477e-07 1.4263e-07 4.0845e+01 3.2792e+01
5.1261e+01 0.0000e+00 0.0000e+00 5.8395e-03 1.2321e-03 4.1784e-07 1.3714e-07 4.0979e+01 3.2568e+01
5.1351e+01 0.0000e+00 0.0000e+00 5.6180e-03 1.1859e-03 4.0159e-07 1.3186e-07 4.1112e+01 3.2337e+01
5.1441e+01 0.0000e+00 0.0000e+00 5.4051e-03 1.1416e-03 3.8598e-07 1.2679e-07 4.1244e+01 3.2099e+01
5.1532e+01 0.0000e+00 0.0000e+00 5.2003e-03 1.0989e-03 3.7099e-07 1.2192e-07 4.1374e+01 3.1855e+01
5.1622e+01 0.0000e+00 0.0000e+00 5.0034e-03 1.0578e-03 3.5660e-07 1.1724e-07 4.1502e+01 3.1604e+01
5.1712e+01 0.0000e+00 0.0000e+00 4.8141e-03 1.0183e-03 3.4278e-07 1.1274e-07 4.1628e+01 3.1348e+01
5.1802e+01 0.0000e+00 0.0000e+00 4.6321e-03 9.8029e-04 3.2951e-07 1.0842e-07 4.1751e+01 3.1085e+01
5.1892e+01 0.0000e+00 0.0000e+00 4.4571e-03 9.4372e-04 3.1676e-07 1.0427e-07 4.1872e+01 3.0818e+01
5.1982e+01 0.0000e+00 0.0000e+00 4.2887e-03 9.0853e-04 3.0452e-07 1.0028e-07 4.1991e+01 3.0545e+01
5.2072e+01 0.0000e+00 0.0000e+00 4.1269e-03 8.7468e-04 2.9276e-07 9.6450e-08 4.2105e+01 3.0267e+01
5.2162e+01 0.0000e+00 0.0000e+00 3.9712e-03 8.4210e-04 2.8147e-07 9.2767e-08 4.2217e+01 2.9985e+01
5.2252e+01 0.0000e+00 0.0000e+00 3.8215e-03 8.1076e-04 2.7062e-07 8.9229e-08 4.2325e+01 2.9698e+01
5.2342e+01 0.0000e+00 0.0000e+00 3.6775e-03 7.8060e-04 2.6020e-07 8.5828e-08 4.2428e+01 2.9407e+01
5.2432e+01 0.0000e+00 0.0000e+00 3.5391e-03 7.5158e-04 2.5019e-07 8.2560e-08 4.2527e+01 2.9112e+01
5.2523e+01 0.0000e+00 0.0000e+00 3.4059e-03 7.2365e-04 2.4057e-07 7.9419e-08 4.2622e+01 2.8814e+01
5.2613e+01 0.0000e+00 0.0000e+00 3.2778e-03 6.9678e-04 2.3133e-07 7.6401e-08 4.2712e+01 2.8512e+01
5.2703e+01 0.0000e+00 0.0000e+00 3.1546e-03 6.7092e-04 2.2246e-07 7.3500e-08 4.2796e+01 2.8208e+01
5.2793e+01 0.0000e+00 0.0000e+00 3.0361e-03 6.4603e-04 2.1393e-07 7.0711e-08 4.2874e+01 2.7900e+01
5.2883e+01 0.0000e+00 0.0000e+00 2.9221e-03 6.2208e-04 2.0574e-07 6.8031e-08 4.2947e+01 2.7590e+01
5.2973e+01 0.0000e+00 0.0000e+00 2.8125e-03 5.9903e-04 1.9787e-07 6.5454e-08 4.3013e+01 2.7278e+01
5.3063e+01 0.0000e+00 0.0000e+00 2.7070e-03 5.7685e-04 1.9030e-07 6.2977e-08 4.3072e+01 2.6964e+01
5.3153e+01 0.0000e+00 0.0000e+00 2.6056e-03 5.5550e-04 1.8303e-07 6.0597e-08 4.3125e+01 2.6648e+01
5.3243e+01 0.0000e+00 0.0000e+00 2.5080e-03 5.3496e-04 1.7605e-07 5.8308e-08 4.3170e+01 2.6331e+01
5.3333e+01 0.0000e+00 0.0000e+00 2.4141e-03 5.1518e-04 1.6934e-07 5.6107e-08 4.3207e+01 2.6012e+01
5.3423e+01 0.0000e+00 0.0000e+00 2.3238e-03 4.9615e-04 1.6289e-07 5.3992e-08 4.3237e+01 2.5693e+01
5.3514e+01 0.0000e+00 0.0000e+00 2.2370e-03 4.7783e-04 1.5669e-07 5.1958e-08 4.3258e+01 2.5372e+01
5.3604e+01 0.0000e+00 0.0000e+00 2.1534e-03 4.6020e-04 1.5073e-07 5.0002e-08 4.3271e+01 2.5051e+01
5.3694e+01 0.0000e+00 0.0000e+00 2.0730e-03 4.4322e-04 1.4500e-07 4.8122e-08 4.3276e+01 2.4729e+01
5.3784e+01 0.0000e+00 0.0000e+00 1.9956e-03 4.2689e-04 1.3950e-07 4.6314e-08 4.3271e+01 2.4408e+01
5.3874e+01 0.0000e+00 0.0000e+00 1.9212e-03 4.1116e-04 1.3421e-07 4.4575e-08 4.3257e+01 2.4086e+01
5.3964e+01 0.0000e+00 0.0000e+00 1.8496e-03 3.9602e-04 1.2912e-07 4.2903e-08 4.3234e+01 2.3764e+01
5.4054e+01 0.0000e+00 0.0000e+00 1.7807e-03 3.8145e-04 1.2424e-07 4.1296e-08 4.3201e+01 2.3443e+01
5.4144e+01 0.0000e+00 0.0000e+00 1.7144e-03 3.6742e-04 1.1954e-07 3.9750e-08 4.3158e+01 2.3123e+01
5.4234e+01 0.0000e+00 0.0000e+00 1.6506e-03 3.5391e-04 1.1502e-07 3.8263e-08 4.3106e+01 2.2803e+01
5.4324e+01 0.0000e+00 0.0000e+00 1.5892e-03 3.4091e-04 1.1068e-07 3.6833e-08 4.3043e+01 2.2484e+01
5.4414e+01 0.0000e+00 0.0000e+00 1.5302e-03 3.2839e-04 1.0650e-07 3.5457e-08 4.2970e+01 2.2166e+01
5.4505e+01 0.0000e+00 0.0000e+00 1.4733e-03 3.1634e-04 1.0249e-07 3.4134e-08 4.2887e+01 2.1850e+01
5.4595e+01 0.0000e+00 0.0000e+00 1.4186e-03 3.0474e-04 9.8630e-08 3.2862e-08 4.2794e+01 2.1535e+01
5.4685e+01 0.0000e+00 0.0000e+00 1.3660e-03 2.9357e-04 9.4919e-08 3.1638e-08 4.2690e+01 2.1221e+01
5.4775e+01 0.0000e+00 0.0000e+00 1.3154e-03 2.8282e-04 9.1351e-08 3.0461e-08 4.2576e+01 2.0909e+01
5.4865e+01 0.0000e+00 0.0000e+00 1.2666e-03 2.7246e-04 8.7920e-08 2.9328e-08 4.2451e+01 2.0599e+01
5.4955e+01 0.0000e+00 0.0000e+00 1.2197e-03 2.6249e-04 8.4621e-08 2.8238e-08 4.2316e+01 2.0290e+01
5.5045e+01 0.0000e+00 0.0000e+00 1.1746e-03 2.5289e-04 8.1448e-08 2.7190e-08 4.2171e+01 1.9984e+01
5.5135e+01 0.0000e+00 0.0000e+00 1.1311e-03 2.4365e-04 7.8398e-08 2.6182e-08 4.2015e+01 1.9679e+01
5.5225e+01 0.0000e+00 0.0000e+00 1.0893e-03 2.3475e-04 7.5463e-08 2.5212e-08 4.1849e+01 1.9377e+01
5.5315e+01 0.0000e+00 0.0000e+00 1.0490e-03 2.2618e-04 7.2642e-08 2.4279e-08 4.1673e+01 1.9078e+01
5.5405e+01 0.0000e+00 0.0000e+00 1.0103e-03 2.1793e-04 6.9928e-08 2.3380e-08 4.1487e+01 1.8780e+01
5.5495e+01 0.0000e+00 0.0000e+00 9.7303e-04 2.0998e-04 6.7317e-08 2.2516e-08 4.1292e+01 1.8486e+01
5.5586e+01 0.0000e+00 0.0000e+00 9.3714e-04 2.0232e-04 6.4807e-08 2.1685e-08 4.1086e+01 1.8193e+01
5.5676e+01 0.0000e+00 0.0000e+00 9.0259e-04 1.9495e-04 6.2392e-08 2.0885e-08 4.0871e+01 1.7904e+01
5.5766e+01 0.0000e+00 0.0000e+00 8.6934e-04 1.8786e-04 6.0069e-08 2.0115e-08 4.0647e+01 1.7617e+01
5.5856e+01 0.0000e+00 0.0000e+00 8.3733e-04 1.8102e-04 5.7834e-08 1.9374e-08 4.0413e+01 1.7333e+01
5.5946e+01 0.0000e+00 0.0000e+00 8.0652e-04 1.7444e-04 5.5685e-08 1.8661e-08 4.0170e+01 1.7051e+01
5.6036e+01 0.0000e+00 0.0000e+00 7.7686e-04 1.6810e-04 5.3617e-08 1.7975e-08 3.9919e+01 1.6773e+01
5.6126e+01 0.0000e+00 0.0000e+00 7.4830e-04 1.6199e-04 5.1628e-08 1.7315e-08 3.9659e+01 1.6497e+01
5.6216e+01 0.0000e+00 0.0000e+00 7.2082e-04 1.5611e-04 4.9714e-08 1.6679e-08 3.9391e+01 1.6225e+01
5.6306e+01 0.0000e+00 0.0000e+00 6.9435e-04 1.5044e-04 4.7872e-08 1.6067e-08 3.9115e+01 1.5955e+01
5.6396e+01 0.0000e+00 0.0000e+00 6.6887e-04 1.4499e-04 4.6100e-08 1.5479e-08 3.8831e+01 1.5689e+01
5.6486e+01 0.0000e+00 0.0000e+00 6.4435e-04 1.3973e-04 4.4396e-08 1.4912e-08 3.8540e+01 1.5425e+01
5.6577e+01 0.0000e+00 0.0000e+00 6.2073e-04 1.3467e-04 4.2756e-08 1.4366e-08 3.8242e+01 1.5165e+01
5.6667e+01 0.0000e+00 0.0000e+00 5.9799e-04 1.2979e-04 4.1177e-08 1.3841e-08 3.7936e+01 1.4908e+01
5.6757e+01 0.0000e+00 0.0000e+00 5.7610e-04 1.2510e-04 3.9659e-08 1.3336e-08 3.7624e+01 1.4654e+01
5.6847e+01 0.0000e+00 0.0000e+00 5.5502e-04 1.2057e-04 3.8197e-08 1.2849e-08 3.7306e+01 1.4404e+01
5.6937e+01 0.0000e+00 0.0000e+00 5.3473e-04 1.1621e-04 3.6791e-08 1.2381e-08 3.6982e+01 1.4156e+01
5.7027e+01 0.0000e+00 0.0000e+00 5.1519e-04 1.1201e-04 3.5437e-08 1.1930e-08 3.6652e+01 1.3912e+01
5.7117e+01 0.0000e+00 0.0000e+00 4.9637e-04 1.0797e-04 3.4135e-08 1.1495e-08 3.6317e+01 1.3671e+01
5.7207e+01 0.0000e+00 0.0000e+00 4.7825e-04 1.0407e-04 3.2881e-08 1.1077e-08 3.5977e+01 1.3433e+01
5.7297e+01 0.0000e+00 0.0000e+00 4.6080e-04 1.0032e-04 3.1674e-08 1.0675e-08 3.5631e+01 1.3198e+01
5.7387e+01 0.0000e+00 0.0000e+00 4.4400e-04 9.6702e-05 3.0513e-08 1.0287e-08 3.5282e+01 1.2967e+01
5.7477e+01 0.0000e+00 0.0000e+00 4.2782e-04 9.3218e-05 2.9395e-08 9.9140e-09 3.4928e+01 1.2738e+01
5.7568e+01 0.0000e+00 0.0000e+00 4.1224e-04 8.9861e-05 2.8319e-08 9.5546e-09 3.4571e+01 1.2513e+01
5.7658e+01 0.0000e+00 0.0000e+00 3.9723e-04 8.6627e-05 2.7284e-08 9.2086e-09 3.4209e+01 1.2291e+01
5.7748e+01 0.0000e+00 0.0000e+00 3.8278e-04 8.3511e-05 2.6287e-08 8.8753e-09 3.3845e+01 1.2073e+01
5.7838e+01 0.0000e+00 0.0000e+00 3.6886e-04 8.0508e-05 2.5327e-08 8.5544e-09 3.3478e+01 1.1858e+01
5.7928e+01 0.0000e+00 0.0000e+00 3.5546e-04 7.7616e-05 2.4403e-08 8.2454e-09 3.3108e+01 1.1645e+01
5.8018e+01 0.0000e+00 0.0000e+00 3.4255e-04 7.4828e-05 2.3513e-08 7.9477e-09 3.2735e+01 1.1436e+01
5.8108e+01 0.0000e+00 0.0000e+00 3.3011e-04 7.2142e-05 2.2657e-08 7.6611e-09 3.2361e+01 1.1230e+01
5.8198e+01 0.0000e+00 0.0000e+00 3.1814e-04 6.9554e-05 2.1832e-08 7.3850e-09 3.1984e+01 1.1028e+01
5.8288e+01 0.0000e+00 0.0000e+00 3.0660e-04 6.7060e-05 2.1039e-08 7.1190e-09 3.1606e+01 1.0828e+01
5.8378e+01 0.0000e+00 0.0000e+00 2.9549e-04 6.4657e-05 2.0274e-08 6.8629e-09 3.1227e+01 1.0631e+01
5.8468e+01 0.0000e+00 0.0000e+00 2.8479e-04 6.2341e-05 1.9538e-08 6.6162e-09 3.0846e+01 1.0438e+01
5.8559e+01 0.0000e+00 0.0000e+00 2.7448e-04 6.0110e-05 1.8830e-08 6.3785e-09 3.0465e+01 1.0247e+01
5.8649e+01 0.0000e+00 0.0000e+00 2.6455e-04 5.7959e-05 1.8147e-08 6.1496e-09 3.0084e+01 1.0060e+01
5.8739e+01 0.0000e+00 0.0000e+00 2.5499e-04 5.5887e-05 1.7490e-08 5.9290e-09 2.9702e+01 9.8756e+00
5.8829e+01 0.0000e+00 0.0000e+00 2.4577e-04 5.3889e-05 1.6857e-08 5.7166e-09 2.9319e+01 9.6942e+00
5.8919e+01 0.0000e+00 0.0000e+00 2.3690e-04 5.1964e-05 1.6248e-08 5.5119e-09 2.8938e+01 9.5157e+00
5.9009e+01 0.0000e+00 0.0000e+00 2.2835e-04 5.0109e-05 1.5661e-08 5.3147e-09 2.8556e+01 9.3401e+00
5.9099e+01 0.0000e+00 0.0000e+00 2.2011e-04 4.8321e-05 1.5096e-08 5.1247e-09 2.8175e+01 9.1674e+00
5.9189e+01 0.0000e+00 0.0000e+00 2.1217e-04 4.6598e-05 1.4552e-08 4.9417e-09 2.7794e+01 8.9975e+00
5.9279e+01 0.0000e+00 0.0000e+00 2.0453e-04 4.4937e-05 1.4027e-08 4.7654e-09 2.7415e+01 8.8305e+00
5.9369e+01 0.0000e+00 0.0000e+00 1.9716e-04 4.3336e-05 1.3522e-08 4.5954e-09 2.7037e+01 8.6663e+00
5.9459e+01 0.0000e+00 0.0000e+00 1.9006e-04 4.1793e-05 1.3036e-08 4.4317e-09 2.6660e+01 8.5049e+00
5.9550e+01 0.0000e+00 0.0000e+00 1.8323e-04 4.0306e-05 1.2567e-08 4.2739e-09 2.6285e+01 8.3462e+00
5.9640e+01 0.0000e+00 0.0000e+00 1.7664e-04 3.8872e-05 1.2116e-08 4.1219e-09 2.5911e+01 8.1901e+00
5.9730e+01 0.0000e+00 0.0000e+00 1.7029e-04 3.7490e-05 1.1681e-08 3.9754e-09 2.5539e+01 8.0368e+00
5.9820e+01 0.0000e+00 0.0000e+00 1.6417e-04 3.6158e-05 1.1262e-08 3.8342e-09 2.5169e+01 7.8861e+00
5.9910e+01 0.0000e+00 0.0000e+00 1.5828e-04 3.4874e-05 1.0859e-08 3.6981e-09 2.4801e+01 7.7380e+00
6.0000e+01 0.0000e+00 0.0000e+00 1.5260e-04 3.3637e-05 1.0470e-08 3.5670e-09 2.4435e+01 7.5925e+00
6.0090e+01 0.0000e+00 0.0000e+00 1.4713e-04 3.2443e-05 1.0096e-08 3.4406e-09 2.4072e+01 7.4495e+00
6.0180e+01 0.0000e+00 0.0000e+00 1.4186e-04 3.1293e-05 9.7347e-09 3.3188e-09 2.3711e+01 7.3090e+00
6.0270e+01 0.0000e+00 0.0000e+00 1.3678e-04 3.0184e-05 9.3871e-09 3.2014e-09 2.3353e+01 7.1710e+00
6.0360e+01 0.0000e+00 0.0000e+00 1.3188e-04 2.9115e-05 9.0521e-09 3.0883e-09 2.2998e+01 7.0354e+00
6.0450e+01 0.0000e+00 0.0000e+00 1.2716e-04 2.8085e-05 8.7294e-09 2.9792e-09 2.2645e+01 6.9023e+00
6.0541e+01 0.0000e+00 0.0000e+00 1.2261e-04 2.7091e-05 8.4184e-09 2.8741e-09 2.2295e+01 6.7715e+00
6.0631e+01 0.0000e+00 0.0000e+00 1.1823e-04 2.6133e-05 8.1187e-09 2.7727e-09 2.1949e+01 6.6430e+00
6.0721e+01 0.0000e+00 0.0000e+00 1.1401e-04 2.5209e-05 7.8300e-09 2.6750e-09 2.1605e+01 6.5168e+00
6.0811e+01 0.0000e+00 0.0000e+00 1.0994e-04 2.4319e-05 7.5517e-09 2.5808e-09 2.1264e+01 6.3929e+00
6.0901e+01 0.0000e+00 0.0000e+00 1.0602e-04 2.3460e-05 7.2835e-09 2.4901e-09 2.0927e+01 6.2713e+00
6.0991e+01 0.0000e+00 0.0000e+00 1.0224e-04 2.2632e-05 7.0251e-09 2.4025e-09 2.0593e+01 6.1518e+00
6.1081e+01 0.0000e+00 0.0000e+00 9.8591e-05 2.1834e-05 6.7760e-09 2.3182e-09 2.0263e+01 6.0346e+00
6.1171e+01 0.0000e+00 0.0000e+00 9.5079e-05 2.1065e-05 6.5360e-09 2.2368e-09 1.9935e+01 5.9194e+00
6.1261e+01 0.0000e+00 0.0000e+00 9.1694e-05 2.0322e-05 6.3046e-09 2.1584e-09 1.9612e+01 5.8064e+00
6.1351e+01 0.0000e+00 0.0000e+00 8.8431e-05 1.9607e-05 6.0816e-09 2.0827e-09 1.9292e+01 5.6954e+00
6.1441e+01 0.0000e+00 0.0000e+00 8.5286e-05 1.8917e-05 5.8667e-09 2.0098e-09 1.8975e+01 5.5865e+00
6.1532e+01 0.0000e+00 0.0000e+00 8.2255e-05 1.8251e-05 5.6595e-09 1.9395e-09 1.8662e+01 5.4795e+00
6.1622e+01 0.0000e+00 0.0000e+00 7.9332e-05 1.7610e-05 5.4598e-09 1.8717e-09 1.8353e+01 5.3746e+00
6.1712e+01 0.0000e+00 0.0000e+00 7.6515e-05 1.6991e-05 5.2673e-09 1.8063e-09 1.8047e+01 5.2716e+00
6.1802e+01 0.0000e+00 0.0000e+00 7.3800e-05 1.6394e-05 5.0817e-09 1.7433e-09 1.7745e+01 5.1705e+00
6.1892e+01 0.0000e+00 0.0000e+00 7.1182e-05 1.5819e-05 4.9028e-09 1.6825e-09 1.7446e+01 5.0712e+00
6.1982e+01 0.0000e+00 0.0000e+00 6.8659e-05 1.5264e-05 4.7304e-09 1.6239e-09 1.7152e+01 4.9739e+00
6.2072e+01 0.0000e+00 0.0000e+00 6.6226e-05 1.4728e-05 4.5641e-09 1.5673e-09 1.6861e+01 4.8783e+00
6.2162e+01 0.0000e+00 0.0000e+00 6.3881e-05 1.4212e-05 4.4038e-09 1.5128e-09 1.6574e+01 4.7845e+00
6.2252e+01 0.0000e+00 0.0000e+00 6.1620e-05 1.3714e-05 4.2493e-09 1.4602e-09 1.6290e+01 4.6925e+00
6.2342e+01 0.0000e+00 0.0000e+00 5.9440e-05 1.3234e-05 4.1003e-09 1.4095e-09 1.6011e+01 4.6022e+00
6.2432e+01 0.0000e+00 0.0000e+00 5.7339e-05 1.2771e-05 3.9566e-09 1.3605e-09 1.5735e+01 4.5136e+00
6.2523e+01 0.0000e+00 0.0000e+00 5.5313e-05 1.2324e-05 3.8181e-09 1.3133e-09 1.5463e+01 4.4267e+00
6.2613e+01 0.0000e+00 0.0000e+00 5.3359e-05 1.1894e-05 3.6846e-09 1.2678e-09 1.5195e+01 4.3415e+00
6.2703e+01 0.0000e+00 0.0000e+00 5.1476e-05 1.1478e-05 3.5558e-09 1.2239e-09 1.4930e+01 4.2578e+00
6.2793e+01 0.0000e+00 0.0000e+00 4.9660e-05 1.1077e-05 3.4316e-09 1.1816e-09 1.4669e+01 4.1757e+00
6.2883e+01 0.0000e+00 0.0000e+00 4.7909e-05 1.0691e-05 3.3118e-09 1.1407e-09 1.4412e+01 4.0952e+00
6.2973e+01 0.0000e+00 0.0000e+00 4.6220e-05 1.0318e-05 3.1963e-09 1.1013e-09 1.4159e+01 4.0162e+00
6.3063e+01 0.0000e+00 0.0000e+00 4.4592e-05 9.9578e-06 3.0849e-09 1.0633e-09 1.3909e+01 3.9387e+00
6.3153e+01 0.0000e+00 0.0000e+00 4.3022e-05 9.6108e-06 2.9775e-09 1.0266e-09 1.3663e+01 3.8627e+00
6.3243e+01 0.0000e+00 0.0000e+00 4.1508e-05 9.2760e-06 2.8739e-09 9.9119e-10 1.3421e+01 3.7881e+00
6.3333e+01 0.0000e+00 0.0000e+00 4.0049e-05 8.9531e-06 2.7740e-09 9.5705e-10 1.3182e+01 3.7150e+00
6.3423e+01 0.0000e+00 0.0000e+00 3.8641e-05 8.6416e-06 2.6776e-09 9.2411e-10 1.2947e+01 3.6432e+00
6.3514e+01 0.0000e+00 0.0000e+00 3.7284e-05 8.3410e-06 2.5847e-09 8.9232e-10 1.2715e+01 3.5729e+00
6.3604e+01 0.0000e+00 0.0000e+00 3.5974e-05 8.0511e-06 2.4950e-09 8.6166e-10 1.2487e+01 3.5038e+00
6.3694e+01 0.0000e+00 0.0000e+00 3.4712e-05 7.7714e-06 2.4086e-09 8.3207e-10 1.2263e+01 3.4361e+00
6.3784e+01 0.0000e+00 0.0000e+00 3.3494e-05 7.5015e-06 2.3251e-09 8.0351e-10 1.2042e+01 3.3697e+00
6.3874e+01 0.0000e+00 0.0000e+00 3.2320e-05 7.2411e-06 2.2447e-09 7.7597e-10 1.1825e+01 3.3046e+00
6.3964e+01 0.0000e+00 0.0000e+00 3.1188e-05 6.9899e-06 2.1671e-09 7.4938e-10 1.1611e+01 3.2408e+00
6.4054e+01 0.0000e+00 0.0000e+00 3.0096e-05 6.7476e-06 2.0922e-09 7.2372e-10 1.1400e+01 3.1781e+00
6.4144e+01 0.0000e+00 0.0000e+00 2.9042e-05 6.5137e-06 2.0199e-09 6.9896e-10 1.1193e+01 3.1167e+00
6.4234e+01 0.0000e+00 0.0000e+00 2.8026e-05 6.2881e-06 1.9503e-09 6.7507e-10 1.0989e+01 3.0564e+00
6.4324e+01 0.0000e+00 0.0000e+00 2.7046e-05 6.0704e-06 1.8830e-09 6.5200e-10 1.0789e+01 2.9974e+00
6.4414e+01 0.0000e+00 0.0000e+00 2.6101e-05 5.8604e-06 1.8182e-09 6.2975e-10 1.0592e+01 2.9394e+00
6.4505e+01 0.0000e+00 0.0000e+00 2.5189e-05 5.6577e-06 1.7556e-09 6.0827e-10 1.0398e+01 2.8826e+00
6.4595e+01 0.0000e+00 0.0000e+00 2.4310e-05 5.4621e-06 1.6952e-09 5.8754e-10 1.0207e+01 2.8269e+00
6.4685e+01 0.0000e+00 0.0000e+00 2.3462e-05 5.2734e-06 1.6369e-09 5.6752e-10 1.0019e+01 2.7722e+00
6.4775e+01 0.0000e+00 0.0000e+00 2.2644e-05 5.0913e-06 1.5807e-09 5.4821e-10 9.8351e+00 2.7186e+00
6.4865e+01 0.0000e+00 0.0000e+00 2.1854e-05 4.9156e-06 1.5265e-09 5.2957e-10 9.6538e+00 2.6661e+00
6.4955e+01 0.0000e+00 0.0000e+00 2.1093e-05 4.7460e-06 1.4741e-09 5.1157e-10 9.4756e+00 2.6146e+00
6.5045e+01 0.0000e+00 0.0000e+00 2.0359e-05 4.5824e-06 1.4236e-09 4.9420e-10 9.3004e+00 2.5640e+00
6.5135e+01 0.0000e+00 0.0000e+00 1.9650e-05 4.4244e-06 1.3749e-09 4.7743e-10 9.1282e+00 2.5145e+00
6.5225e+01 0.0000e+00 0.0000e+00 1.8967e-05 4.2720e-06 1.3278e-09 4.6125e-10 8.9590e+00 2.4659e+00
6.5315e+01 0.0000e+00 0.0000e+00 1.8307e-05 4.1250e-06 1.2824e-09 4.4562e-10 8.7927e+00 2.4183e+00
6.5405e+01 0.0000e+00 0.0000e+00 1.7671e-05 3.9830e-06 1.2386e-09 4.3054e-10 8.6293e+00 2.3715e+00
6.5495e+01 0.0000e+00 0.0000e+00 1.7057e-05 3.8460e-06 1.1963e-09 4.1597e-10 8.4687e+00 2.3257e+00
6.5586e+01 0.0000e+00 0.0000e+00 1.6465e-05 3.7138e-06 1.1555e-09 4.0191e-10 8.3109e+00 2.2808e+00
6.5676e+01 0.0000e+00 0.0000e+00 1.5894e-05 3.5862e-06 1.1161e-09 3.8833e-10 8.1559e+00 2.2368e+00
6.5766e+01 0.0000e+00 0.0000e+00 1.5343e-05 3.4631e-06 1.0781e-09 3.7522e-10 8.0036e+00 2.1936e+00
6.5856e+01 0.0000e+00 0.0000e+00 1.4811e-05 3.3442e-06 1.0414e-09 3.6257e-10 7.8540e+00 2.1513e+00
6.5946e+01 0.0000e+00 0.0000e+00 1.4298e-05 3.2295e-06 1.0060e-09 3.5035e-10 7.7070e+00 2.1097e+00
6.6036e+01 0.0000e+00 0.0000e+00 1.3803e-05 3.1187e-06 9.7183e-10 3.3855e-10 7.5626e+00 2.0690e+00
6.6126e+01 0.0000e+00 0.0000e+00 1.3325e-05 3.0118e-06 9.3883e-10 3.2715e-10 7.4208e+00 2.0291e+00
6.6216e+01 0.0000e+00 0.0000e+00 1.2865e-05 2.9087e-06 9.0697e-10 3.1616e-10 7.2816e+00 1.9900e+00
6.6306e+01 0.0000e+00 0.0000e+00 1.2420e-05 2.8091e-06 8.7622e-10 3.0553e-10 7.1448e+00 1.9516e+00
6.6396e+01 0.0000e+00 0.0000e+00 1.1991e-05 2.7129e-06 8.4653e-10 2.9527e-10 7.0105e+00 1.9140e+00
6.6486e+01 0.0000e+00 0.0000e+00 1.1577e-05 2.6201e-06 8.1786e-10 2.8536e-10 6.8786e+00 1.8771e+00
6.6577e+01 0.0000e+00 0.0000e+00 1.1177e-05 2.5306e-06 7.9019e-10 2.7579e-10 6.7491e+00 1.8409e+00
6.6667e+01 0.0000e+00 0.0000e+00 1.0792e-05 2.4441e-06 7.6348e-10 2.6655e-10 6.6220e+00 1.8055e+00
6.6757e+01 0.0000e+00 0.0000e+00 1.0419e-05 2.3606e-06 7.3769e-10 2.5763e-10 6.4971e+00 1.7707e+00
6.6847e+01 0.0000e+00 0.0000e+00 1.0060e-05 2.2800e-06 7.1279e-10 2.4901e-10 6.3745e+00 1.7366e+00
6.6937e+01 0.0000e+00 0.0000e+00 9.7138e-06 2.2022e-06 6.8874e-10 2.4069e-10 6.2542e+00 1.7032e+00
6.7027e+01 0.0000e+00 0.0000e+00 9.3794e-06 2.1271e-06 6.6553e-10 2.3264e-10 6.1361e+00 1.6704e+00
6.7117e+01 0.0000e+00 0.0000e+00 9.0566e-06 2.0546e-06 6.4310e-10 2.2488e-10 6.0201e+00 1.6383e+00
6.7207e+01 0.0000e+00 0.0000e+00 8.7451e-06 1.9846e-06 6.2146e-10 2.1738e-10 5.9062e+00 1.6067e+00
6.7297e+01 0.0000e+00 0.0000e+00 8.4445e-06 1.9170e-06 6.0056e-10 2.1012e-10 5.7945e+00 1.5759e+00
6.7387e+01 0.0000e+00 0.0000e+00 8.1544e-06 1.8518e-06 5.8037e-10 2.0313e-10 5.6848e+00 1.5456e+00
6.7477e+01 0.0000e+00 0.0000e+00 7.8744e-06 1.7888e-06 5.6088e-10 1.9637e-10 5.5771e+00 1.5159e+00
6.7568e+01 0.0000e+00 0.0000e+00 7.6041e-06 1.7280e-06 5.4206e-10 1.8983e-10 5.4714e+00 1.4867e+00
6.7658e+01 0.0000e+00 0.0000e+00 7.3432e-06 1.6692e-06 5.2388e-10 1.8352e-10 5.3677e+00 1.4582e+00
6.7748e+01 0.0000e+00 0.0000e+00 7.0914e-06 1.6125e-06 5.0632e-10 1.7743e-10 5.2659e+00 1.4302e+00
6.7838e+01 0.0000e+00 0.0000e+00 6.8484e-06 1.5578e-06 4.8937e-10 1.7154e-10 5.1660e+00 1.4028e+00
6.7928e+01 0.0000e+00 0.0000e+00 6.6138e-06 1.5049e-06 4.7299e-10 1.6585e-10 5.0680e+00 1.3759e+00
6.8018e+01 0.0000e+00 0.0000e+00 6.3874e-06 1.4539e-06 4.5717e-10 1.6035e-10 4.9718e+00 1.3495e+00
6.8108e+01 0.0000e+00 0.0000e+00 6.1688e-06 1.4046e-06 4.4190e-10 1.5504e-10 4.8773e+00 1.3236e+00
6.8198e+01 0.0000e+00 0.0000e+00 5.9578e-06 1.3570e-06 4.2715e-10 1.4991e-10 4.7847e+00 1.2982e+00
6.8288e+01 0.0000e+00 0.0000e+00 5.7541e-06 1.3110e-06 4.1289e-10 1.4495e-10 4.6938e+00 1.2734e+00
6.8378e+01 0.0000e+00 0.0000e+00 5.5575e-06 1.2666e-06 3.9913e-10 1.4016e-10 4.6046e+00 1.2490e+00
6.8468e+01 0.0000e+00 0.0000e+00 5.3677e-06 1.2238e-06 3.8582e-10 1.3553e-10 4.5170e+00 1.2251e+00
6.8559e+01 0.0000e+00 0.0000e+00 5.1845e-06 1.1824e-06 3.7298e-10 1.3106e-10 4.4312e+00 1.2016e+00
6.8649e+01 0.0000e+00 0.0000e+00 5.0076e-06 1.1424e-06 3.6057e-10 1.2674e-10 4.3469e+00 1.1786e+00
6.8739e+01 0.0000e+00 0.0000e+00 4.8369e-06 1.1038e-06 3.4858e-10 1.2256e-10 4.2642e+00 1.1561e+00
6.8829e+01 0.0000e+00 0.0000e+00 4.6720e-06 1.0665e-06 3.3700e-10 1.1852e-10 4.1831e+00 1.1340e+00
6.8919e+01 0.0000e+00 0.0000e+00 4.5128e-06 1.0305e-06 3.2581e-10 1.1462e-10 4.1035e+00 1.1123e+00
6.9009e+01 0.0000e+00 0.0000e+00 4.3592e-06 9.9576e-07 3.1501e-10 1.1085e-10 4.0254e+00 1.0911e+00
6.9099e+01 0.0000e+00 0.0000e+00 4.2108e-06 9.6218e-07 3.0456e-10 1.0721e-10 3.9488e+00 1.0703e+00
6.9189e+01 0.0000e+00 0.0000e+00 4.0676e-06 9.2975e-07 2.9447e-10 1.0369e-10 3.8736e+00 1.0498e+00
6.9279e+01 0.0000e+00 0.0000e+00 3.9293e-06 8.9842e-07 2.8472e-10 1.0029e-10 3.7999e+00 1.0298e+00
6.9369e+01 0.0000e+00 0.0000e+00 3.7958e-06 8.6817e-07 2.7531e-10 9.6996e-11 3.7276e+00 1.0102e+00
6.9459e+01 0.0000e+00 0.0000e+00 3.6669e-06 8.3895e-07 2.6620e-10 9.3818e-11 3.6566e+00 9.9092e-01
6.9550e+01 0.0000e+00 0.0000e+00 3.5424e-06 8.1072e-07 2.5741e-10 9.0749e-11 3.5870e+00 9.7205e-01
6.9640e+01 0.0000e+00 0.0000e+00 3.4222e-06 7.8346e-07 2.4891e-10 8.7780e-11 3.5187e+00 9.5353e-01
6.9730e+01 0.0000e+00 0.0000e+00 3.3061e-06 7.5713e-07 2.4070e-10 8.4905e-11 3.4517e+00 9.3538e-01
6.9820e+01 0.0000e+00 0.0000e+00 3.1940e-06 7.3170e-07 2.3277e-10 8.2132e-11 3.3860e+00 9.1758e-01
6.9910e+01 0.0000e+00 0.0000e+00 3.0858e-06 7.0713e-07 2.2510e-10 7.9455e-11 3.3216e+00 9.0013e-01
7.0000e+01 0.0000e+00 0.0000e+00 2.9813e-06 6.8340e-07 2.1770e-10 7.6856e-11 3.2583e+00 8.8302e-01
7.0090e+01 0.0000e+00 0.0000e+00 2.8804e-06 6.6047e-07 2.1053e-10 7.4354e-11 3.1963e+00 8.6624e-01
7.0180e+01 0.0000e+00 0.0000e+00 2.7830e-06 6.3833e-07 2.0361e-10 7.1932e-11 3.1355e+00 8.4978e-01
7.0270e+01 0.0000e+00 0.0000e+00 2.6889e-06 6.1693e-07 1.9692e-10 6.9591e-11 3.0758e+00 8.3365e-01
7.0360e+01 0.0000e+00 0.0000e+00 2.5980e-06 5.9627e-07 1.9046e-10 6.7323e-11 3.0173e+00 8.1782e-01
7.0450e+01 0.0000e+00 0.0000e+00 2.5102e-06 5.7631e-07 1.8422e-10 6.5137e-11 2.9598e+00 8.0231e-01
7.0541e+01 0.0000e+00 0.0000e+00 2.4255e-06 5.5702e-07 1.7817e-10 6.3018e-11 2.9035e+00 7.8710e-01
7.0631e+01 0.0000e+00 0.0000e+00 2.3436e-06 5.3839e-07 1.7234e-10 6.0973e-11 2.8483e+00 7.7218e-01
7.0721e+01 0.0000e+00 0.0000e+00 2.2645e-06 5.2039e-07 1.6670e-10 5.8995e-11 2.7941e+00 7.5755e-01
7.0811e+01 0.0000e+00 0.0000e+00 2.1882e-06 5.0300e-07 1.6125e-10 5.7077e-11 2.7410e+00 7.4320e-01
7.0901e+01 0.0000e+00 0.0000e+00 2.1145e-06 4.8620e-07 1.5598e-10 5.5235e-11 2.6888e+00 7.2914e-01
7.0991e+01 0.0000e+00 0.0000e+00 2.0432e-06 4.6997e-07 1.5088e-10 5.3444e-11 2.6377e+00 7.1534e-01
7.1081e+01 0.0000e+00 0.0000e+00 1.9744e-06 4.5428e-07 1.4596e-10 5.1714e-11 2.5876e+00 7.0181e-01
7.1171e+01 0.0000e+00 0.0000e+00 1.9080e-06 4.3913e-07 1.4119e-10 5.0044e-11 2.5384e+00 6.8855e-01
7.1261e+01 0.0000e+00 0.0000e+00 1.8438e-06 4.2449e-07 1.3659e-10 4.8428e-11 2.4901e+00 6.7554e-01
7.1351e+01 0.0000e+00 0.0000e+00 1.7818e-06 4.1035e-07 1.3215e-10 4.6864e-11 2.4428e+00 6.6278e-01
7.1441e+01 0.0000e+00 0.0000e+00 1.7220e-06 3.9668e-07 1.2784e-10 4.5346e-11 2.3964e+00 6.5027e-01
7.1532e+01 0.0000e+00 0.0000e+00 1.6641e-06 3.8347e-07 1.2368e-10 4.3890e-11 2.3509e+00 6.3800e-01
7.1622e+01 0.0000e+00 0.0000e+00 1.6083e-06 3.7071e-07 1.1966e-10 4.2470e-11 2.3063e+00 6.2597e-01
7.1712e+01 0.0000e+00 0.0000e+00 1.5543e-06 3.5838e-07 1.1577e-10 4.1106e-11 2.2625e+00 6.1417e-01
7.1802e+01 0.0000e+00 0.0000e+00 1.5022e-06 3.4647e-07 1.1202e-10 3.9779e-11 2.2195e+00 6.0260e-01
7.1892e+01 0.0000e+00 0.0000e+00 1.4518e-06 3.3496e-07 1.0839e-10 3.8499e-11 2.1774e+00 5.9125e-01
7.1982e+01 0.0000e+00 0.0000e+00 1.4032e-06 3.2383e-07 1.0487e-10 3.7266e-11 2.1361e+00 5.8012e-01
7.2072e+01 0.0000e+00 0.0000e+00 1.3562e-06 3.1308e-07 1.0148e-10 3.6071e-11 2.0956e+00 5.6921e-01
7.2162e+01 0.0000e+00 0.0000e+00 1.3108e-06 3.0269e-07 9.8191e-11 3.4906e-11 2.0559e+00 5.5850e-01
7.2252e+01 0.0000e+00 0.0000e+00 1.2670e-06 2.9265e-07 9.5015e-11 3.3790e-11 2.0169e+00 5.4801e-01
7.2342e+01 0.0000e+00 0.0000e+00 1.2246e-06 2.8295e-07 9.1940e-11 3.2704e-11 1.9787e+00 5.3771e-01
7.2432e+01 0.0000e+00 0.0000e+00 1.1837e-06 2.7358e-07 8.8976e-11 3.1657e-11 1.9412e+00 5.2761e-01
7.2523e+01 0.0000e+00 0.0000e+00 1.1441e-06 2.6452e-07 8.6097e-11 3.0651e-11 1.9044e+00 5.1771e-01
7.2613e+01 0.0000e+00 0.0000e+00 1.1059e-06 2.5576e-07 8.3322e-11 2.9666e-11 1.8684e+00 5.0800e-01
7.2703e+01 0.0000e+00 0.0000e+00 1.0690e-06 2.4730e-07 8.0642e-11 2.8723e-11 1.8330e+00 4.9847e-01
7.2793e+01 0.0000e+00 0.0000e+00 1.0334e-06 2.3912e-07 7.8039e-11 2.7802e-11 1.7983e+00 4.8913e-01
7.2883e+01 0.0000e+00 0.0000e+00 9.9890e-07 2.3121e-07 7.5525e-11 2.6913e-11 1.7643e+00 4.7997e-01
7.2973e+01 0.0000e+00 0.0000e+00 9.6561e-07 2.2357e-07 7.3099e-11 2.6056e-11 1.7309e+00 4.7098e-01
7.3063e+01 0.0000e+00 0.0000e+00 9.3344e-07 2.1619e-07 7.0752e-11 2.5222e-11 1.6982e+00 4.6217e-01
7.3153e+01 0.0000e+00 0.0000e+00 9.0236e-07 2.0905e-07 6.8477e-11 2.4422e-11 1.6661e+00 4.5352e-01
7.3243e+01 0.0000e+00 0.0000e+00 8.7233e-07 2.0216e-07 6.6274e-11 2.3645e-11 1.6346e+00 4.4505e-01
7.3333e+01 0.0000e+00 0.0000e+00 8.4331e-07 1.9549e-07 6.4153e-11 2.2892e-11 1.6038e+00 4.3673e-01
7.3423e+01 0.0000e+00 0.0000e+00 8.1527e-07 1.8904e-07 6.2095e-11 2.2163e-11 1.5735e+00 4.2857e-01
7.3514e+01 0.0000e+00 0.0000e+00 7.8818e-07 1.8282e-07 6.0102e-11 2.1458e-11 1.5438e+00 4.2057e-01
7.3604e+01 0.0000e+00 0.0000e+00 7.6200e-07 1.7679e-07 5.8183e-11 2.0778e-11 1.5147e+00 4.1273e-01
7.3694e+01 0.0000e+00 0.0000e+00 7.3670e-07 1.7097e-07 5.6320e-11 2.0123e-11 1.4861e+00 4.0503e-01
7.3784e+01 0.0000e+00 0.0000e+00 7.1225e-07 1.6535e-07 5.4522e-11 1.9483e-11 1.4581e+00 3.9748e-01
7.3874e+01 0.0000e+00 0.0000e+00 6.8863e-07 1.5991e-07 5.2772e-11 1.8868e-11 1.4306e+00 3.9007e-01
7.3964e+01 0.0000e+00 0.0000e+00 6.6580e-07 1.5465e-07 5.1090e-11 1.8269e-11 1.4037e+00 3.8281e-01
7.4054e+01 0.0000e+00 0.0000e+00 6.4374e-07 1.4957e-07 4.9464e-11 1.7686e-11 1.3772e+00 3.7568e-01
7.4144e+01 0.0000e+00 0.0000e+00 6.2241e-07 1.4466e-07 4.7879e-11 1.7129e-11 1.3513e+00 3.6870e-01
7.4234e+01 0.0000e+00 0.0000e+00 6.0181e-07 1.3991e-07 4.6361e-11 1.6588e-11 1.3259e+00 3.6184e-01
7.4324e+01 0.0000e+00 0.0000e+00 5.8189e-07 1.3532e-07 4.4884e-11 1.6063e-11 1.3009e+00 3.5512e-01
7.4414e+01 0.0000e+00 0.0000e+00 5.6265e-07 1.3088e-07 4.3456e-11 1.5554e-11 1.2765e+00 3.4852e-01
7.4505e+01 0.0000e+00 0.0000e+00 5.4405e-07 1.2659e-07 4.2070e-11 1.5063e-11 1.2525e+00 3.4205e-01
7.4595e+01 0.0000e+00 0.0000e+00 5.2607e-07 1.2244e-07 4.0734e-11 1.4588e-11 1.2289e+00 3.3570e-01
7.4685e+01 0.0000e+00 0.0000e+00 5.0869e-07 1.1843e-07 3.9440e-11 1.4130e-11 1.2059e+00 3.2948e-01
7.4775e+01 0.0000e+00 0.0000e+00 4.9190e-07 1.1456e-07 3.8187e-11 1.3689e-11 1.1832e+00 3.2337e-01
7.4865e+01 0.0000e+00 0.0000e+00 4.7567e-07 1.1081e-07 3.6977e-11 1.3255e-11 1.1610e+00 3.1738e-01
7.4955e+01 0.0000e+00 0.0000e+00 4.5998e-07 1.0718e-07 3.5800e-11 1.2839e-11 1.1392e+00 3.1150e-01
7.5045e+01 0.0000e+00 0.0000e+00 4.4482e-07 1.0368e-07 3.4675e-11 1.2441e-11 1.1179e+00 3.0573e-01
7.5135e+01 0.0000e+00 0.0000e+00 4.3016e-07 1.0029e-07 3.3574e-11 1.2050e-11 1.0969e+00 3.0008e-01
7.5225e+01 0.0000e+00 0.0000e+00 4.1599e-07 9.7015e-08 3.2507e-11 1.1666e-11 1.0764e+00 2.9453e-01
7.5315e+01 0.0000e+00 0.0000e+00 4.0230e-07 9.3847e-08 3.1483e-11 1.1301e-11 1.0562e+00 2.8908e-01
7.5405e+01 0.0000e+00 0.0000e+00 3.8906e-07 9.0785e-08 3.0484e-11 1.0953e-11 1.0364e+00 2.8374e-01
7.5495e+01 0.0000e+00 0.0000e+00 3.7626e-07 8.7824e-08 2.9529e-11 1.0604e-11 1.0170e+00 2.7851e-01
7.5586e+01 0.0000e+00 0.0000e+00 3.6389e-07 8.4960e-08 2.8599e-11 1.0273e-11 9.9802e-01 2.7337e-01
7.5676e+01 0.0000e+00 0.0000e+00 3.5194e-07 8.2191e-08 2.7694e-11 9.9496e-12 9.7936e-01 2.6832e-01
7.5766e+01 0.0000e+00 0.0000e+00 3.4038e-07 7.9514e-08 2.6824e-11 9.6448e-12 9.6106e-01 2.6338e-01
7.5856e+01 0.0000e+00 0.0000e+00 3.2920e-07 7.6925e-08 2.5980e-11 9.3385e-12 9.4310e-01 2.5853e-01
7.5946e+01 0.0000e+00 0.0000e+00 3.1840e-07 7.4422e-08 2.5162e-11 9.0507e-12 9.2550e-01 2.5376e-01
7.6036e+01 0.0000e+00 0.0000e+00 3.0796e-07 7.2001e-08 2.4370e-11 8.7715e-12 9.0822e-01 2.4909e-01
7.6126e+01 0.0000e+00 0.0000e+00 2.9786e-07 6.9660e-08 2.3603e-11 8.4908e-12 8.9128e-01 2.4451e-01
7.6216e+01 0.0000e+00 0.0000e+00 2.8810e-07 6.7396e-08 2.2864e-11 8.2289e-12 8.7466e-01 2.4001e-01
7.6306e+01 0.0000e+00 0.0000e+00 2.7866e-07 6.5206e-08 2.2140e-11 7.9758e-12 8.5836e-01 2.3560e-01
7.6396e+01 0.0000e+00 0.0000e+00 2.6954e-07 6.3089e-08 2.1444e-11 7.7214e-12 8.4237e-01 2.3128e-01
7.6486e+01 0.0000e+00 0.0000e+00 2.6072e-07 6.1041e-08 2.0774e-11 7.4860e-12 8.2668e-01 2.2703e-01
7.6577e+01 0.0000e+00 0.0000e+00 2.5219e-07 5.9061e-08 2.0122e-11 7.2495e-12 8.1129e-01 2.2286e-01
7.6667e+01 0.0000e+00 0.0000e+00 2.4395e-07 5.7146e-08 1.9496e-11 7.0321e-12 7.9620e-01 2.1878e-01
7.6757e+01 0.0000e+00 0.0000e+00 2.3598e-07 5.5294e-08 1.8888e-11 6.8137e-12 7.8139e-01 2.1477e-01
7.6847e+01 0.0000e+00 0.0000e+00 2.2827e-07 5.3502e-08 1.8298e-11 6.5942e-12 7.6687e-01 2.1083e-01
7.6937e+01 0.0000e+00 0.0000e+00 2.2082e-07 5.1770e-08 1.7725e-11 6.3942e-12 7.5262e-01 2.0697e-01
7.7027e+01 0.0000e+00 0.0000e+00 2.1361e-07 5.0094e-08 1.7170e-11 6.1931e-12 7.3864e-01 2.0318e-01
7.7117e+01 0.0000e+00 0.0000e+00 2.0664e-07 4.8473e-08 1.6633e-11 6.0014e-12 7.2493e-01 1.9946e-01
7.7207e+01 0.0000e+00 0.0000e+00 1.9991e-07 4.6906e-08 1.6113e-11 5.8190e-12 7.1148e-01 1.9582e-01
7.7297e+01 0.0000e+00 0.0000e+00 1.9339e-07 4.5389e-08 1.5612e-11 5.6358e-12 6.9828e-01 1.9224e-01
7.7387e+01 0.0000e+00 0.0000e+00 1.8709e-07 4.3923e-08 1.5130e-11 5.4620e-12 6.8534e-01 1.8873e-01
7.7477e+01 0.0000e+00 0.0000e+00 1.8100e-07 4.2504e-08 1.4655e-11 5.2978e-12 6.7264e-01 1.8528e-01
7.7568e+01 0.0000e+00 0.0000e+00 1.7511e-07 4.1132e-08 1.4199e-11 5.1328e-12 6.6018e-01 1.8190e-01
7.7658e+01 0.0000e+00 0.0000e+00 1.6941e-07 3.9805e-08 1.3761e-11 4.9774e-12 6.4796e-01 1.7858e-01
7.7748e+01 0.0000e+00 0.0000e+00 1.6391e-07 3.8521e-08 1.3332e-11 4.8212e-12 6.3598e-01 1.7533e-01
7.7838e+01 0.0000e+00 0.0000e+00 1.5858e-07 3.7279e-08 1.2921e-11 4.6748e-12 6.2421e-01 1.7213e-01
7.7928e+01 0.0000e+00 0.0000e+00 1.5343e-07 3.6078e-08 1.2520e-11 4.5277e-12 6.1268e-01 1.6900e-01
7.8018e+01 0.0000e+00 0.0000e+00 1.4845e-07 3.4916e-08 1.2126e-11 4.3904e-12 6.0136e-01 1.6592e-01
7.8108e+01 0.0000e+00 0.0000e+00 1.4363e-07 3.3792e-08 1.1753e-11 4.2525e-12 5.9025e-01 1.6290e-01
7.8198e+01 0.0000e+00 0.0000e+00 1.3897e-07 3.2704e-08 1.1387e-11 4.1245e-12 5.7935e-01 1.5994e-01
7.8288e+01 0.0000e+00 0.0000e+00 1.3446e-07 3.1652e-08 1.1042e-11 3.9958e-12 5.6867e-01 1.5704e-01
7.8378e+01 0.0000e+00 0.0000e+00 1.3011e-07 3.0635e-08 1.0694e-11 3.8772e-12 5.5818e-01 1.5418e-01
7.8468e+01 0.0000e+00 0.0000e+00 1.2589e-07 2.9650e-08 1.0367e-11 3.7580e-12 5.4789e-01 1.5138e-01
7.8559e+01 0.0000e+00 0.0000e+00 1.2181e-07 2.8697e-08 1.0048e-11 3.6382e-12 5.3780e-01 1.4864e-01
7.8649e+01 0.0000e+00 0.0000e+00 1.1787e-07 2.7776e-08 9.7385e-12 3.5286e-12 5.2789e-01 1.4594e-01
7.8739e+01 0.0000e+00 0.0000e+00 1.1406e-07 2.6884e-08 9.4384e-12 3.4184e-12 5.1818e-01 1.4330e-01
7.8829e+01 0.0000e+00 0.0000e+00 1.1037e-07 2.6022e-08 9.1475e-12 3.3185e-12 5.0864e-01 1.4070e-01
7.8919e+01 0.0000e+00 0.0000e+00 1.0680e-07 2.5188e-08 8.8661e-12 3.2181e-12 4.9929e-01 1.3815e-01
7.9009e+01 0.0000e+00 0.0000e+00 1.0335e-07 2.4380e-08 8.5941e-12 3.1172e-12 4.9012e-01 1.3565e-01
7.9099e+01 0.0000e+00 0.0000e+00 1.0001e-07 2.3599e-08 8.3208e-12 3.0267e-12 4.8111e-01 1.3320e-01
7.9189e+01 0.0000e+00 0.0000e+00 9.6786e-08 2.2843e-08 8.0679e-12 2.9249e-12 4.7228e-01 1.3079e-01
7.9279e+01 0.0000e+00 0.0000e+00 9.3663e-08 2.2112e-08 7.8247e-12 2.8444e-12 4.6361e-01 1.2843e-01
7.9369e+01 0.0000e+00 0.0000e+00 9.0643e-08 2.1405e-08 7.5804e-12 2.7525e-12 4.5511e-01 1.2611e-01
7.9459e+01 0.0000e+00 0.0000e+00 8.7721e-08 2.0720e-08 7.3458e-12 2.6712e-12 4.4676e-01 1.2383e-01
7.9550e+01 0.0000e+00 0.0000e+00 8.4894e-08 2.0058e-08 7.1211e-12 2.5895e-12 4.3858e-01 1.2160e-01
7.9640e+01 0.0000e+00 0.0000e+00 8.2160e-08 1.9417e-08 6.9063e-12 2.5074e-12 4.3054e-01 1.1940e-01
7.9730e+01 0.0000e+00 0.0000e+00 7.9515e-08 1.8796e-08 6.6904e-12 2.4359e-12 4.2266e-01 1.1725e-01
7.9820e+01 0.0000e+00 0.0000e+00 7.6957e-08 1.8196e-08 6.4846e-12 2.3641e-12 4.1493e-01 1.1514e-01
7.9910e+01 0.0000e+00 0.0000e+00 7.4481e-08 1.7616e-08 6.2889e-12 2.2919e-12 4.0734e-01 1.1306e-01
8.0000e+01 0.0000e+00 0.0000e+00 7.2087e-08 1.7054e-08 6.1033e-12 2.2194e-12 3.9989e-01 1.1103e-01
8.0090e+01 0.0000e+00 0.0000e+00 6.9770e-08 1.6510e-08 5.9169e-12 2.1465e-12 3.9259e-01 1.0903e-01
8.0180e+01 0.0000e+00 0.0000e+00 6.7529e-08 1.5984e-08 5.7296e-12 2.0845e-12 3.8542e-01 1.0707e-01
8.0270e+01 0.0000e+00 0.0000e+00 6.5361e-08 1.5475e-08 5.5525e-12 2.0221e-12 3.7838e-01 1.0515e-01
8.0360e+01 0.0000e+00 0.0000e+00 6.3264e-08 1.4982e-08 5.3858e-12 1.9595e-12 3.7148e-01 1.0326e-01
8.0450e+01 0.0000e+00 0.0000e+00 6.1234e-08 1.4505e-08 5.2184e-12 1.9078e-12 3.6470e-01 1.0141e-01
8.0541e+01 0.0000e+00 0.0000e+00 5.9271e-08 1.4043e-08 5.0614e-12 1.8446e-12 3.5806e-01 9.9586e-02
8.0631e+01 0.0000e+00 0.0000e+00 5.7371e-08 1.3597e-08 4.9149e-12 1.7923e-12 3.5153e-01 9.7800e-02
8.0721e+01 0.0000e+00 0.0000e+00 5.5533e-08 1.3165e-08 4.7564e-12 1.7399e-12 3.4513e-01 9.6047e-02
8.0811e+01 0.0000e+00 0.0000e+00 5.3755e-08 1.2746e-08 4.6198e-12 1.6871e-12 3.3885e-01 9.4327e-02
8.0901e+01 0.0000e+00 0.0000e+00 5.2035e-08 1.2341e-08 4.4712e-12 1.6342e-12 3.3269e-01 9.2638e-02
8.0991e+01 0.0000e+00 0.0000e+00 5.0370e-08 1.1950e-08 4.3447e-12 1.5809e-12 3.2664e-01 9.0980e-02
8.1081e+01 0.0000e+00 0.0000e+00 4.8759e-08 1.1570e-08 4.2062e-12 1.5389e-12 3.2070e-01 8.9352e-02
8.1171e+01 0.0000e+00 0.0000e+00 4.7201e-08 1.1203e-08 4.0785e-12 1.4852e-12 3.1488e-01 8.7755e-02
8.1261e+01 0.0000e+00 0.0000e+00 4.5693e-08 1.0848e-08 3.9616e-12 1.4427e-12 3.0916e-01 8.6186e-02
8.1351e+01 0.0000e+00 0.0000e+00 4.4233e-08 1.0504e-08 3.8327e-12 1.4000e-12 3.0355e-01 8.4647e-02
8.1441e+01 0.0000e+00 0.0000e+00 4.2821e-08 1.0172e-08 3.7262e-12 1.3571e-12 2.9805e-01 8.3136e-02
8.1532e+01 0.0000e+00 0.0000e+00 4.1455e-08 9.8496e-09 3.6076e-12 1.3140e-12 2.9264e-01 8.1653e-02
8.1622e+01 0.0000e+00 0.0000e+00 4.0133e-08 9.5379e-09 3.5001e-12 1.2822e-12 2.8734e-01 8.0196e-02
8.1712e+01 0.0000e+00 0.0000e+00 3.8853e-08 9.2361e-09 3.3920e-12 1.2387e-12 2.8214e-01 7.8767e-02
8.1802e+01 0.0000e+00 0.0000e+00 3.7615e-08 8.9440e-09 3.2951e-12 1.2067e-12 2.7703e-01 7.7364e-02
8.1892e+01 0.0000e+00 0.0000e+00 3.6417e-08 8.6613e-09 3.1861e-12 1.1628e-12 2.7202e-01 7.5986e-02
8.1982e+01 0.0000e+00 0.0000e+00 3.5258e-08 8.3876e-09 3.0999e-12 1.1304e-12 2.6710e-01 7.4634e-02
8.2072e+01 0.0000e+00 0.0000e+00 3.4136e-08 8.1227e-09 3.0016e-12 1.0979e-12 2.6227e-01 7.3306e-02
8.2162e+01 0.0000e+00 0.0000e+00 3.3050e-08 7.8663e-09 2.9145e-12 1.0651e-12 2.5754e-01 7.2002e-02
8.2252e+01 0.0000e+00 0.0000e+00 3.1999e-08 7.6181e-09 2.8271e-12 1.0323e-12 2.5289e-01 7.0723e-02
8.2342e+01 0.0000e+00 0.0000e+00 3.0982e-08 7.3778e-09 2.7392e-12 9.9929e-13 2.4832e-01 6.9467e-02
8.2432e+01 0.0000e+00 0.0000e+00 2.9998e-08 7.1452e-09 2.6510e-12 9.7791e-13 2.4385e-01 6.8233e-02
8.2523e+01 0.0000e+00 0.0000e+00 2.9045e-08 6.9200e-09 2.5741e-12 9.4463e-13 2.3945e-01 6.7023e-02
8.2613e+01 0.0000e+00 0.0000e+00 2.8123e-08 6.7020e-09 2.4969e-12 9.1119e-13 2.3513e-01 6.5834e-02
8.2703e+01 0.0000e+00 0.0000e+00 2.7231e-08 6.4910e-09 2.4193e-12 8.8946e-13 2.3090e-01 6.4667e-02
8.2793e+01 0.0000e+00 0.0000e+00 2.6367e-08 6.2867e-09 2.3533e-12 8.6763e-13 2.2674e-01 6.3521e-02
8.2883e+01 0.0000e+00 0.0000e+00 2.5532e-08 6.0889e-09 2.2869e-12 8.3378e-13 2.2266e-01 6.2396e-02
8.2973e+01 0.0000e+00 0.0000e+00 2.4723e-08 5.8974e-09 2.2084e-12 8.1172e-13 2.1866e-01 6.1292e-02
8.3063e+01 0.0000e+00 0.0000e+00 2.3940e-08 5.7120e-09 2.1414e-12 7.8956e-13 2.1473e-01 6.0208e-02
8.3153e+01 0.0000e+00 0.0000e+00 2.3182e-08 5.5325e-09 2.0861e-12 7.6730e-13 2.1087e-01 5.9143e-02
8.3243e+01 0.0000e+00 0.0000e+00 2.2448e-08 5.3588e-09 2.0185e-12 7.4493e-13 2.0709e-01 5.8098e-02
8.3333e+01 0.0000e+00 0.0000e+00 2.1738e-08 5.1905e-09 1.9627e-12 7.2246e-13 2.0337e-01 5.7072e-02
8.3423e+01 0.0000e+00 0.0000e+00 2.1051e-08 5.0277e-09 1.9066e-12 6.9989e-13 1.9972e-01 5.6064e-02
8.3514e+01 0.0000e+00 0.0000e+00 2.0386e-08 4.8699e-09 1.8502e-12 6.7721e-13 1.9614e-01 5.5075e-02
8.3604e+01 0.0000e+00 0.0000e+00 1.9742e-08 4.7173e-09 1.7936e-12 6.5444e-13 1.9263e-01 5.4103e-02
8.3694e+01 0.0000e+00 0.0000e+00 1.9118e-08 4.5694e-09 1.7368e-12 6.4370e-13 1.8918e-01 5.3149e-02
8.3784e+01 0.0000e+00 0.0000e+00 1.8515e-08 4.4263e-09 1.6797e-12 6.2075e-13 1.8579e-01 5.2213e-02
8.3874e+01 0.0000e+00 0.0000e+00 1.7931e-08 4.2876e-09 1.6345e-12 5.9769e-13 1.8246e-01 5.1293e-02
8.3964e+01 0.0000e+00 0.0000e+00 1.7365e-08 4.1534e-09 1.5891e-12 5.8675e-13 1.7920e-01 5.0391e-02
8.4054e+01 0.0000e+00 0.0000e+00 1.6818e-08 4.0235e-09 1.5435e-12 5.6351e-13 1.7600e-01 4.9504e-02
8.4144e+01 0.0000e+00 0.0000e+00 1.6288e-08 3.8976e-09 1.4977e-12 5.5244e-13 1.7285e-01 4.8633e-02
8.4234e+01 0.0000e+00 0.0000e+00 1.5775e-08 3.7758e-09 1.4517e-12 5.2902e-13 1.6977e-01 4.7779e-02
8.4324e+01 0.0000e+00 0.0000e+00 1.5278e-08 3.6578e-09 1.4055e-12 5.1782e-13 1.6674e-01 4.6939e-02
8.4414e+01 0.0000e+00 0.0000e+00 1.4798e-08 3.5436e-09 1.3591e-12 5.0657e-13 1.6376e-01 4.6115e-02
8.4505e+01 0.0000e+00 0.0000e+00 1.4332e-08 3.4329e-09 1.3249e-12 4.8289e-13 1.6084e-01 4.5306e-02
8.4595e+01 0.0000e+00 0.0000e+00 1.3881e-08 3.3258e-09 1.2780e-12 4.7151e-13 1.5798e-01 4.4511e-02
8.4685e+01 0.0000e+00 0.0000e+00 1.3445e-08 3.2220e-09 1.2435e-12 4.6008e-13 1.5516e-01 4.3731e-02
8.4775e+01 0.0000e+00 0.0000e+00 1.3023e-08 3.1216e-09 1.2087e-12 4.4860e-13 1.5240e-01 4.2964e-02
8.4865e+01 0.0000e+00 0.0000e+00 1.2614e-08 3.0243e-09 1.1738e-12 4.3707e-13 1.4969e-01 4.2212e-02
8.4955e+01 0.0000e+00 0.0000e+00 1.2218e-08 2.9300e-09 1.1388e-12 4.2548e-13 1.4703e-01 4.1473e-02
8.5045e+01 0.0000e+00 0.0000e+00 1.1835e-08 2.8388e-09 1.1036e-12 4.1384e-13 1.4441e-01 4.0747e-02
8.5135e+01 0.0000e+00 0.0000e+00 1.1464e-08 2.7504e-09 1.0682e-12 4.0215e-13 1.4185e-01 4.0034e-02
8.5225e+01 0.0000e+00 0.0000e+00 1.1104e-08 2.6648e-09 1.0453e-12 3.9041e-13 1.3933e-01 3.9335e-02
8.5315e+01 0.0000e+00 0.0000e+00 1.0756e-08 2.5819e-09 1.0096e-12 3.7862e-13 1.3685e-01 3.8647e-02
8.5405e+01 0.0000e+00 0.0000e+00 1.0419e-08 2.5016e-09 9.8648e-13 3.6677e-13 1.3443e-01 3.7972e-02
8.5495e+01 0.0000e+00 0.0000e+00 1.0093e-08 2.4239e-09 9.5055e-13 3.5487e-13 1.3204e-01 3.7310e-02
8.5586e+01 0.0000e+00 0.0000e+00 9.7773e-09 2.3486e-09 9.2715e-13 3.4292e-13 1.2970e-01 3.6659e-02
8.5676e+01 0.0000e+00 0.0000e+00 9.4715e-09 2.2757e-09 8.9092e-13 3.3091e-13 1.2740e-01 3.6019e-02
8.5766e+01 0.0000e+00 0.0000e+00 9.1754e-09 2.2050e-09 8.6729e-13 3.1885e-13 1.2515e-01 3.5392e-02
8.5856e+01 0.0000e+00 0.0000e+00 8.8886e-09 2.1366e-09 8.4355e-13 3.0674e-13 1.2293e-01 3.4775e-02
8.5946e+01 0.0000e+00 0.0000e+00 8.6109e-09 2.0703e-09 8.1970e-13 3.0739e-13 1.2076e-01 3.4170e-02
8.6036e+01 0.0000e+00 0.0000e+00 8.3420e-09 2.0062e-09 7.9575e-13 2.9520e-13 1.1862e-01 3.3575e-02
8.6126e+01 0.0000e+00 0.0000e+00 8.0816e-09 1.9440e-09 7.7170e-13 2.8296e-13 1.1653e-01 3.2991e-02
8.6216e+01 0.0000e+00 0.0000e+00 7.8295e-09 1.8838e-09 7.4753e-13 2.8355e-13 1.1447e-01 3.2417e-02
8.6306e+01 0.0000e+00 0.0000e+00 7.5853e-09 1.8254e-09 7.2327e-13 2.7122e-13 1.1245e-01 3.1854e-02
8.6396e+01 0.0000e+00 0.0000e+00 7.3488e-09 1.7689e-09 7.1183e-13 2.5885e-13 1.1046e-01 3.1301e-02
8.6486e+01 0.0000e+00 0.0000e+00 7.1198e-09 1.7142e-09 6.8738e-13 2.5939e-13 1.0852e-01 3.0757e-02
8.6577e+01 0.0000e+00 0.0000e+00 6.8980e-09 1.6612e-09 6.6282e-13 2.4693e-13 1.0660e-01 3.0224e-02
8.6667e+01 0.0000e+00 0.0000e+00 6.6833e-09 1.6099e-09 6.5118e-13 2.3442e-13 1.0473e-01 2.9699e-02
8.6757e+01 0.0000e+00 0.0000e+00 6.4753e-09 1.5601e-09 6.2643e-13 2.3491e-13 1.0288e-01 2.9185e-02
8.6847e+01 0.0000e+00 0.0000e+00 6.2738e-09 1.5119e-09 6.1465e-13 2.2232e-13 1.0107e-01 2.8679e-02
8.6937e+01 0.0000e+00 0.0000e+00 6.0787e-09 1.4653e-09 5.8972e-13 2.2278e-13 9.9292e-02 2.8182e-02
8.7027e+01 0.0000e+00 0.0000e+00 5.8898e-09 1.4200e-09 5.7781e-13 2.1011e-13 9.7546e-02 2.7694e-02
8.7117e+01 0.0000e+00 0.0000e+00 5.7068e-09 1.3762e-09 5.5269e-13 2.1055e-13 9.5832e-02 2.7215e-02
8.7207e+01 0.0000e+00 0.0000e+00 5.5295e-09 1.3338e-09 5.4065e-13 1.9780e-13 9.4149e-02 2.6745e-02
8.7297e+01 0.0000e+00 0.0000e+00 5.3579e-09 1.2927e-09 5.2855e-13 1.9821e-13 9.2496e-02 2.6282e-02
8.7387e+01 0.0000e+00 0.0000e+00 5.1916e-09 1.2529e-09 5.1640e-13 1.8537e-13 9.0872e-02 2.5828e-02
8.7477e+01 0.0000e+00 0.0000e+00 5.0306e-09 1.2143e-09 4.9093e-13 1.8576e-13 8.9278e-02 2.5382e-02
8.7568e+01 0.0000e+00 0.0000e+00 4.8746e-09 1.1769e-09 4.7865e-13 1.7284e-13 8.7713e-02 2.4944e-02
8.7658e+01 0.0000e+00 0.0000e+00 4.7235e-09 1.1407e-09 4.6631e-13 1.7320e-13 8.6176e-02 2.4514e-02
8.7748e+01 0.0000e+00 0.0000e+00 4.5772e-09 1.1056e-09 4.5392e-13 1.7356e-13 8.4667e-02 2.4091e-02
8.7838e+01 0.0000e+00 0.0000e+00 4.4355e-09 1.0716e-09 4.4147e-13 1.6053e-13 8.3185e-02 2.3676e-02
8.7928e+01 0.0000e+00 0.0000e+00 4.2982e-09 1.0387e-09 4.2897e-13 1.6086e-13 8.1729e-02 2.3268e-02
8.8018e+01 0.0000e+00 0.0000e+00 4.1652e-09 1.0067e-09 4.1642e-13 1.4776e-13 8.0300e-02 2.2867e-02
8.8108e+01 0.0000e+00 0.0000e+00 4.0363e-09 9.7583e-10 4.0381e-13 1.4806e-13 7.8896e-02 2.2474e-02
8.8198e+01 0.0000e+00 0.0000e+00 3.9116e-09 9.4587e-10 3.9115e-13 1.4837e-13 7.7518e-02 2.2087e-02
8.8288e+01 0.0000e+00 0.0000e+00 3.7907e-09 9.1685e-10 3.7843e-13 1.3515e-13 7.6164e-02 2.1708e-02
8.8378e+01 0.0000e+00 0.0000e+00 3.6736e-09 8.8873e-10 3.6566e-13 1.3543e-13 7.4835e-02 2.1335e-02
8.8468e+01 0.0000e+00 0.0000e+00 3.5602e-09 8.6148e-10 3.5284e-13 1.3571e-13 7.3529e-02 2.0968e-02
8.8559e+01 0.0000e+00 0.0000e+00 3.4503e-09 8.3508e-10 3.5356e-13 1.3598e-13 7.2247e-02 2.0608e-02
8.8649e+01 0.0000e+00 0.0000e+00 3.3438e-09 8.0950e-10 3.4065e-13 1.2263e-13 7.0988e-02 2.0254e-02
8.8739e+01 0.0000e+00 0.0000e+00 3.2407e-09 7.8471e-10 3.2769e-13 1.2288e-13 6.9751e-02 1.9907e-02
8.8829e+01 0.0000e+00 0.0000e+00 3.1408e-09 7.6069e-10 3.1467e-13 1.2313e-13 6.8537e-02 1.9566e-02
8.8919e+01 0.0000e+00 0.0000e+00 3.0440e-09 7.3742e-10 3.1531e-13 1.0967e-13 6.7344e-02 1.9231e-02
8.9009e+01 0.0000e+00 0.0000e+00 2.9503e-09 7.1486e-10 3.0221e-13 1.0990e-13 6.6173e-02 1.8901e-02
8.9099e+01 0.0000e+00 0.0000e+00 2.8594e-09 6.9301e-10 2.8906e-13 1.1012e-13 6.5022e-02 1.8578e-02
8.9189e+01 0.0000e+00 0.0000e+00 2.7714e-09 6.7183e-10 2.8965e-13 1.1034e-13 6.3892e-02 1.8260e-02
8.9279e+01 0.0000e+00 0.0000e+00 2.6862e-09 6.5131e-10 2.7641e-13 9.6744e-14 6.2782e-02 1.7947e-02
8.9369e+01 0.0000e+00 0.0000e+00 2.6036e-09 6.3142e-10 2.6312e-13 9.6939e-14 6.1693e-02 1.7641e-02
8.9459e+01 0.0000e+00 0.0000e+00 2.5236e-09 6.1215e-10 2.6365e-13 9.7135e-14 6.0622e-02 1.7339e-02
8.9550e+01 0.0000e+00 0.0000e+00 2.4460e-09 5.9347e-10 2.5028e-13 9.7331e-14 5.9571e-02 1.7043e-02
8.9640e+01 0.0000e+00 0.0000e+00 2.3709e-09 5.7537e-10 2.5078e-13 9.7527e-14 5.8538e-02 1.6752e-02
8.9730e+01 0.0000e+00 0.0000e+00 2.2981e-09 5.5783e-10 2.3733e-13 8.3762e-14 5.7524e-02 1.6466e-02
8.9820e+01 0.0000e+00 0.0000e+00 2.2276e-09 5.4083e-10 2.3780e-13 8.3931e-14 5.6527e-02 1.6186e-02
8.9910e+01 0.0000e+00 0.0000e+00 2.1593e-09 5.2435e-10 2.2426e-13 8.4099e-14 5.5549e-02 1.5910e-02
9.0000e+01 0.0000e+00 0.0000e+00 2.0931e-09 5.0839e-10 2.2471e-13 8.4268e-14 5.4588e-02 1.5639e-02
9.0090e+01 0.0000e+00 0.0000e+00 2.0289e-09 4.9291e-10 2.1109e-13 8.4437e-14 5.3644e-02 1.5372e-02
9.0180e+01 0.0000e+00 0.0000e+00 1.9667e-09 4.7792e-10 2.1151e-13 7.0505e-14 5.2717e-02 1.5111e-02
9.0270e+01 0.0000e+00 0.0000e+00 1.9065e-09 4.6338e-10 1.9781e-13 7.0645e-14 5.1806e-02 1.4854e-02
9.0360e+01 0.0000e+00 0.0000e+00 1.8482e-09 4.4930e-10 1.9820e-13 7.0787e-14 5.0911e-02 1.4601e-02
9.0450e+01 0.0000e+00 0.0000e+00 1.7916e-09 4.3564e-10 1.8441e-13 7.0928e-14 5.0033e-02 1.4353e-02
9.0541e+01 0.0000e+00 0.0000e+00 1.7368e-09 4.2241e-10 1.8478e-13 7.1069e-14 4.9170e-02 1.4109e-02
9.0631e+01 0.0000e+00 0.0000e+00 1.6837e-09 4.0958e-10 1.8515e-13 7.1211e-14 4.8322e-02 1.3870e-02
9.0721e+01 0.0000e+00 0.0000e+00 1.6322e-09 3.9715e-10 1.7125e-13 7.1352e-14 4.7489e-02 1.3634e-02
9.0811e+01 0.0000e+00 0.0000e+00 1.5824e-09 3.8510e-10 1.7159e-13 5.7195e-14 4.6671e-02 1.3403e-02
9.0901e+01 0.0000e+00 0.0000e+00 1.5341e-09 3.7342e-10 1.5760e-13 5.7309e-14 4.5867e-02 1.3176e-02
9.0991e+01 0.0000e+00 0.0000e+00 1.4872e-09 3.6210e-10 1.5791e-13 5.7422e-14 4.5078e-02 1.2952e-02
9.1081e+01 0.0000e+00 0.0000e+00 1.4418e-09 3.5113e-10 1.5822e-13 5.7536e-14 4.4303e-02 1.2733e-02
9.1171e+01 0.0000e+00 0.0000e+00 1.3979e-09 3.4049e-10 1.4413e-13 5.7650e-14 4.3541e-02 1.2517e-02
9.1261e+01 0.0000e+00 0.0000e+00 1.3553e-09 3.3018e-10 1.4441e-13 5.7764e-14 4.2793e-02 1.2305e-02
9.1351e+01 0.0000e+00 0.0000e+00 1.3140e-09 3.2019e-10 1.4470e-13 5.7878e-14 4.2058e-02 1.2097e-02
9.1441e+01 0.0000e+00 0.0000e+00 1.2739e-09 3.1050e-10 1.3048e-13 5.7992e-14 4.1336e-02 1.1893e-02
9.1532e+01 0.0000e+00 0.0000e+00 1.2351e-09 3.0111e-10 1.3074e-13 4.3580e-14 4.0626e-02 1.1692e-02
9.1622e+01 0.0000e+00 0.0000e+00 1.1975e-09 2.9201e-10 1.3100e-13 4.3666e-14 3.9929e-02 1.1494e-02
9.1712e+01 0.0000e+00 0.0000e+00 1.1611e-09 2.8319e-10 1.3126e-13 4.3752e-14 3.9245e-02 1.1300e-02
9.1802e+01 0.0000e+00 0.0000e+00 1.1258e-09 2.7463e-10 1.1690e-13 4.3838e-14 3.8572e-02 1.1109e-02
9.1892e+01 0.0000e+00 0.0000e+00 1.0916e-09 2.6634e-10 1.1713e-13 4.3924e-14 3.7912e-02 1.0922e-02
9.1982e+01 0.0000e+00 0.0000e+00 1.0584e-09 2.5830e-10 1.1736e-13 4.4010e-14 3.7263e-02 1.0738e-02
9.2072e+01 0.0000e+00 0.0000e+00 1.0262e-09 2.5050e-10 1.1759e-13 4.4096e-14 3.6625e-02 1.0557e-02
9.2162e+01 0.0000e+00 0.0000e+00 9.9507e-10 2.4295e-10 1.0309e-13 4.4183e-14 3.5999e-02 1.0379e-02
9.2252e+01 0.0000e+00 0.0000e+00 9.6487e-10 2.3562e-10 1.0329e-13 4.4269e-14 3.5383e-02 1.0204e-02
9.2342e+01 0.0000e+00 0.0000e+00 9.3559e-10 2.2852e-10 1.0350e-13 4.4356e-14 3.4779e-02 1.0033e-02
9.2432e+01 0.0000e+00 0.0000e+00 9.0722e-10 2.2164e-10 1.0370e-13 4.4442e-14 3.4185e-02 9.8638e-03
9.2523e+01 0.0000e+00 0.0000e+00 8.7971e-10 2.1496e-10 1.0390e-13 2.9686e-14 3.3601e-02 9.6980e-03
9.2613e+01 0.0000e+00 0.0000e+00 8.5305e-10 2.0849e-10 8.9231e-14 2.9744e-14 3.3028e-02 9.5350e-03
9.2703e+01 0.0000e+00 0.0000e+00 8.2721e-10 2.0222e-10 8.9405e-14 2.9802e-14 3.2465e-02 9.3748e-03
9.2793e+01 0.0000e+00 0.0000e+00 8.0216e-10 1.9614e-10 8.9579e-14 2.9860e-14 3.1911e-02 9.2174e-03
9.2883e+01 0.0000e+00 0.0000e+00 7.7788e-10 1.9024e-10 8.9753e-14 2.9918e-14 3.1368e-02 9.0628e-03
9.2973e+01 0.0000e+00 0.0000e+00 7.5435e-10 1.8453e-10 8.9927e-14 2.9976e-14 3.0834e-02 8.9107e-03
9.3063e+01 0.0000e+00 0.0000e+00 7.3153e-10 1.7898e-10 7.5084e-14 3.0034e-14 3.0309e-02 8.7613e-03
9.3153e+01 0.0000e+00 0.0000e+00 7.0942e-10 1.7361e-10 7.5230e-14 3.0092e-14 2.9793e-02 8.6145e-03
9.3243e+01 0.0000e+00 0.0000e+00 6.8798e-10 1.6840e-10 7.5375e-14 3.0150e-14 2.9286e-02 8.4702e-03
9.3333e+01 0.0000e+00 0.0000e+00 6.6720e-10 1.6334e-10 7.5521e-14 3.0208e-14 2.8789e-02 8.3284e-03
9.3423e+01 0.0000e+00 0.0000e+00 6.4705e-10 1.5845e-10 7.5667e-14 3.0267e-14 2.8300e-02 8.1890e-03
9.3514e+01 0.0000e+00 0.0000e+00 6.2752e-10 1.5369e-10 7.5813e-14 3.0325e-14 2.7819e-02 8.0520e-03
9.3604e+01 0.0000e+00 0.0000e+00 6.0859e-10 1.4909e-10 7.5959e-14 3.0384e-14 2.7347e-02 7.9174e-03
9.3694e+01 0.0000e+00 0.0000e+00 5.9023e-10 1.4462e-10 6.0884e-14 3.0442e-14 2.6883e-02 7.7851e-03
9.3784e+01 0.0000e+00 0.0000e+00 5.7244e-10 1.4029e-10 6.1001e-14 3.0501e-14 2.6427e-02 7.6550e-03
9.3874e+01 0.0000e+00 0.0000e+00 5.5519e-10 1.3609e-10 6.1119e-14 3.0559e-14 2.5979e-02 7.5272e-03
9.3964e+01 0.0000e+00 0.0000e+00 5.3846e-10 1.3202e-10 6.1236e-14 3.0618e-14 2.5539e-02 7.4016e-03
9.4054e+01 0.0000e+00 0.0000e+00 5.2225e-10 1.2807e-10 6.1354e-14 1.5338e-14 2.5107e-02 7.2781e-03
9.4144e+01 0.0000e+00 0.0000e+00 5.0652e-10 1.2424e-10 6.1471e-14 1.5368e-14 2.4682e-02 7.1568e-03
9.4234e+01 0.0000e+00 0.0000e+00 4.9129e-10 1.2053e-10 6.1589e-14 1.5397e-14 2.4264e-02 7.0375e-03
9.4324e+01 0.0000e+00 0.0000e+00 4.7651e-10 1.1692e-10 6.1707e-14 1.5427e-14 2.3854e-02 6.9203e-03
9.4414e+01 0.0000e+00 0.0000e+00 4.6218e-10 1.1343e-10 4.6368e-14 1.5456e-14 2.3451e-02 6.8050e-03
9.4505e+01 0.0000e+00 0.0000e+00 4.4829e-10 1.1005e-10 4.6457e-14 1.5486e-14 2.3055e-02 6.6918e-03
9.4595e+01 0.0000e+00 0.0000e+00 4.3482e-10 1.0676e-10 4.6546e-14 1.5515e-14 2.2665e-02 6.5805e-03
9.4685e+01 0.0000e+00 0.0000e+00 4.2177e-10 1.0358e-10 4.6634e-14 1.5545e-14 2.2283e-02 6.4710e-03
9.4775e+01 0.0000e+00 0.0000e+00 4.0910e-10 1.0049e-10 4.6723e-14 1.5574e-14 2.1907e-02 6.3635e-03
9.4865e+01 0.0000e+00 0.0000e+00 3.9683e-10 9.7494e-11 4.6812e-14 1.5604e-14 2.1537e-02 6.2578e-03
9.4955e+01 0.0000e+00 0.0000e+00 3.8493e-10 9.4590e-11 4.6901e-14 1.5634e-14 2.1174e-02 6.1539e-03
9.5045e+01 0.0000e+00 0.0000e+00 3.7339e-10 9.1772e-11 4.6990e-14 1.5663e-14 2.0818e-02 6.0517e-03
9.5135e+01 0.0000e+00 0.0000e+00 3.6219e-10 8.9038e-11 4.7079e-14 1.5693e-14 2.0467e-02 5.9513e-03
9.5225e+01 0.0000e+00 0.0000e+00 3.5134e-10 8.6388e-11 4.7168e-14 1.5723e-14 2.0123e-02 5.8527e-03
9.5315e+01 0.0000e+00 0.0000e+00 3.4082e-10 8.3822e-11 4.7258e-14 1.5753e-14 1.9784e-02 5.7556e-03
9.5405e+01 0.0000e+00 0.0000e+00 3.3062e-10 8.1325e-11 3.1565e-14 1.5782e-14 1.9452e-02 5.6603e-03
9.5495e+01 0.0000e+00 0.0000e+00 3.2073e-10 7.8909e-11 3.1624e-14 1.5812e-14 1.9125e-02 5.5666e-03
9.5586e+01 0.0000e+00 0.0000e+00 3.1113e-10 7.6563e-11 3.1684e-14 1.5842e-14 1.8803e-02 5.4744e-03
9.5676e+01 0.0000e+00 0.0000e+00 3.0183e-10 7.4288e-11 3.1744e-14 1.5872e-14 1.8488e-02 5.3839e-03
9.5766e+01 0.0000e+00 0.0000e+00 2.9281e-10 7.2085e-11 3.1804e-14 1.5902e-14 1.8177e-02 5.2948e-03
9.5856e+01 0.0000e+00 0.0000e+00 2.8406e-10 6.9943e-11 3.1863e-14 1.5932e-14 1.7873e-02 5.2073e-03
9.5946e+01 0.0000e+00 0.0000e+00 2.7557e-10 6.7869e-11 3.1923e-14 1.5962e-14 1.7573e-02 5.1213e-03
9.6036e+01 0.0000e+00 0.0000e+00 2.6735e-10 6.5857e-11 3.1983e-14 1.5992e-14 1.7278e-02 5.0367e-03
9.6126e+01 0.0000e+00 0.0000e+00 2.5937e-10 6.3904e-11 3.2043e-14 1.6022e-14 1.6989e-02 4.9536e-03
9.6216e+01 0.0000e+00 0.0000e+00 2.5163e-10 6.2008e-11 3.2103e-14 1.6052e-14 1.6704e-02 4.8718e-03
9.6306e+01 0.0000e+00 0.0000e+00 2.4413e-10 6.0172e-11 3.2164e-14 1.6082e-14 1.6425e-02 4.7915e-03
9.6396e+01 0.0000e+00 0.0000e+00 2.3685e-10 5.8389e-11 3.2224e-14 1.6112e-14 1.6150e-02 4.7125e-03
9.6486e+01 0.0000e+00 0.0000e+00 2.2980e-10 5.6661e-11 3.2284e-14 1.6142e-14 1.5880e-02 4.6348e-03
9.6577e+01 0.0000e+00 0.0000e+00 2.2295e-10 5.4987e-11 3.2344e-14 1.6172e-14 1.5615e-02 4.5585e-03
9.6667e+01 0.0000e+00 0.0000e+00 2.1631e-10 5.3358e-11 3.2405e-14 1.6202e-14 1.5354e-02 4.4835e-03
9.6757e+01 0.0000e+00 0.0000e+00 2.0988e-10 5.1784e-11 3.2465e-14 1.6233e-14 1.5097e-02 4.4097e-03
9.6847e+01 0.0000e+00 0.0000e+00 2.0363e-10 5.0250e-11 3.2526e-14 1.6263e-14 1.4845e-02 4.3372e-03
9.6937e+01 0.0000e+00 0.0000e+00 1.9758e-10 4.8767e-11 1.6293e-14 1.6293e-14 1.4598e-02 4.2659e-03
9.7027e+01 0.0000e+00 0.0000e+00 1.9170e-10 4.7324e-11 1.6323e-14 1.6323e-14 1.4354e-02 4.1958e-03
9.7117e+01 0.0000e+00 0.0000e+00 1.8600e-10 4.5928e-11 1.6354e-14 1.6354e-14 1.4115e-02 4.1269e-03
9.7207e+01 0.0000e+00 0.0000e+00 1.8048e-10 4.4573e-11 1.6384e-14 1.6384e-14 1.3880e-02 4.0591e-03
9.7297e+01 0.0000e+00 0.0000e+00 1.7512e-10 4.3259e-11 1.6414e-14 1.6414e-14 1.3649e-02 3.9925e-03
9.7387e+01 0.0000e+00 0.0000e+00 1.6993e-10 4.1982e-11 1.6445e-14 0.0000e+00 1.3422e-02 3.9270e-03
9.7477e+01 0.0000e+00 0.0000e+00 1.6488e-10 4.0747e-11 1.6475e-14 0.0000e+00 1.3198e-02 3.8626e-03
9.7568e+01 0.0000e+00 0.0000e+00 1.5999e-10 3.9544e-11 1.6506e-14 0.0000e+00 1.2979e-02 3.7993e-03
9.7658e+01 0.0000e+00 0.0000e+00 1.5525e-10 3.8377e-11 1.6536e-14 0.0000e+00 1.2763e-02 3.7371e-03
9.7748e+01 0.0000e+00 0.0000e+00 1.5065e-10 3.7248e-11 1.6567e-14 0.0000e+00 1.2551e-02 3.6759e-03
9.7838e+01 0.0000e+00 0.0000e+00 1.4618e-10 3.6152e-11 1.6597e-14 0.0000e+00 1.2343e-02 3.6157e-03
9.7928e+01 0.0000e+00 0.0000e+00 1.4186e-10 3.5088e-11 1.6628e-14 0.0000e+00 1.2138e-02 3.5566e-03
9.8018e+01 0.0000e+00 0.0000e+00 1.3766e-10 3.4057e-11 1.6659e-14 0.0000e+00 1.1936e-02 3.4984e-03
9.8108e+01 0.0000e+00 0.0000e+00 1.3359e-10 3.3053e-11 1.6689e-14 0.0000e+00 1.1739e-02 3.4413e-03
9.8198e+01 0.0000e+00 0.0000e+00 1.2963e-10 3.2083e-11 1.6720e-14 0.0000e+00 1.1544e-02 3.3850e-03
9.8288e+01 0.0000e+00 0.0000e+00 1.2580e-10 3.1141e-11 1.6751e-14 0.0000e+00 1.1353e-02 3.3298e-03
9.8378e+01 0.0000e+00 0.0000e+00 1.2208e-10 3.0227e-11 1.6781e-14 0.0000e+00 1.1165e-02 3.2754e-03
9.8468e+01 0.0000e+00 0.0000e+00 1.1848e-10 2.9341e-11 1.6812e-14 0.0000e+00 1.0980e-02 3.2220e-03
9.8559e+01 0.0000e+00 0.0000e+00 1.1498e-10 2.8479e-11 1.6843e-14 0.0000e+00 1.0798e-02 3.1694e-03
9.8649e+01 0.0000e+00 0.0000e+00 1.1158e-10 2.7645e-11 1.6874e-14 0.0000e+00 1.0620e-02 3.1178e-03
9.8739e+01 0.0000e+00 0.0000e+00 1.0829e-10 2.6835e-11 1.6904e-14 0.0000e+00 1.0444e-02 3.0670e-03
9.8829e+01 0.0000e+00 0.0000e+00 1.0509e-10 2.6049e-11 1.6935e-14 0.0000e+00 1.0272e-02 3.0170e-03
9.8919e+01 0.0000e+00 0.0000e+00 1.0199e-10 2.5281e-11 1.6966e-14 0.0000e+00 1.0102e-02 2.9679e-03
9.9009e+01 0.0000e+00 0.0000e+00 9.8985e-11 2.4542e-11 1.6997e-14 0.0000e+00 9.9351e-03 2.9196e-03
9.9099e+01 0.0000e+00 0.0000e+00 9.6069e-11 2.3822e-11 1.7028e-14 0.0000e+00 9.7712e-03 2.8721e-03
9.9189e+01 0.0000e+00 0.0000e+00 9.3239e-11 2.3126e-11 1.7059e-14 0.0000e+00 9.6100e-03 2.8254e-03
9.9279e+01 0.0000e+00 0.0000e+00 9.0496e-11 2.2450e-11 1.7090e-14 0.0000e+00 9.4516e-03 2.7795e-03
9.9369e+01 0.0000e+00 0.0000e+00 8.7834e-11 2.1792e-11 1.7121e-14 0.0000e+00 9.2959e-03 2.7344e-03
9.9459e+01 0.0000e+00 0.0000e+00 8.5249e-11 2.1159e-11 1.7152e-14 0.0000e+00 9.1428e-03 2.6900e-03
9.9550e+01 0.0000e+00 0.0000e+00 8.2740e-11 2.0540e-11 1.7183e-14 0.0000e+00 8.9922e-03 2.6463e-03
9.9640e+01 0.0000e+00 0.0000e+00 8.0310e-11 1.9940e-11 1.7214e-14 0.0000e+00 8.8443e-03 2.6034e-03
9.9730e+01 0.0000e+00 0.0000e+00 7.7947e-11 1.9354e-11 1.7245e-14 0.0000e+00 8.6988e-03 2.5612e-03
9.9820e+01 0.0000e+00 0.0000e+00 7.5656e-11 1.8788e-11 1.7277e-14 0.0000e+00 8.5558e-03 2.5197e-03
9.9910e+01 0.0000e+00 0.0000e+00 7.3434e-11 1.8242e-11 1.7308e-14 0.0000e+00 8.4152e-03 2.4789e-03
1.0000e+02 0.0000e+00 0.0000e+00 7.1280e-11 1.7710e-11 1.7339e-14 0.0000e+00 8.2770e-03 2.4387e-03
