# freq, I_pwr, V_pwr, I_th, V_th
1.0000e+01 1.8856e+01 6.1999e+00 9.8774e-01 0.0000e+00
1.0090e+01 1.9045e+01 6.4005e+00 1.0056e+00 0.0000e+00
1.0180e+01 1.9227e+01 6.5959e+00 1.0237e+00 0.0000e+00
1.0270e+01 1.9402e+01 6.7858e+00 1.0419e+00 0.0000e+00
1.0360e+01 1.9568e+01 6.9699e+00 1.0602e+00 0.0000e+00
1.0450e+01 1.9727e+01 7.1479e+00 1.0787e+00 0.0000e+00
1.0541e+01 1.9878e+01 7.3198e+00 1.0974e+00 0.0000e+00
1.0631e+01 2.0020e+01 7.4853e+00 1.1163e+00 0.0000e+00
1.0721e+01 2.0155e+01 7.6444e+00 1.1353e+00 0.0000e+00
1.0811e+01 2.0281e+01 7.7969e+00 1.1544e+00 0.0000e+00
1.0901e+01 2.0400e+01 7.9428e+00 1.1737e+00 0.0000e+00
1.0991e+01 2.0510e+01 8.0821e+00 1.1932e+00 0.0000e+00
1.1081e+01 2.0613e+01 8.2147e+00 1.2129e+00 0.0000e+00
1.1171e+01 2.0708e+01 8.3407e+00 1.2327e+00 0.0000e+00
1.1261e+01 2.0795e+01 8.4601e+00 1.2526e+00 0.0000e+00
1.1351e+01 2.0874e+01 8.5730e+00 1.2727e+00 0.0000e+00
1.1441e+01 2.0946e+01 8.6795e+00 1.2930e+00 0.0000e+00
1.1532e+01 2.1011e+01 8.7795e+00 1.3135e+00 0.0000e+00
1.1622e+01 2.1069e+01 8.8733e+00 1.3341e+00 0.0000e+00
1.1712e+01 2.1120e+01 8.9610e+00 1.3548e+00 0.0000e+00
1.1802e+01 2.1164e+01 9.0426e+00 1.3758e+00 0.0000e+00
1.1892e+01 2.1201e+01 9.1184e+00 1.3968e+00 0.0000e+00
1.1982e+01 2.1232e+01 9.1884e+00 1.4181e+00 0.0000e+00
1.2072e+01 2.1257e+01 9.2528e+00 1.4395e+00 0.0000e+00
1.2162e+01 2.1276e+01 9.3118e+00 1.4611e+00 0.0000e+00
1.2252e+01 2.1289e+01 9.3655e+00 1.4828e+00 0.0000e+00
1.2342e+01 2.1296e+01 9.4141e+00 1.5047e+00 0.0000e+00
1.2432e+01 2.1298e+01 9.4577e+00 1.5267e+00 0.0000e+00
1.2523e+01 2.1295e+01 9.4966e+00 1.5489e+00 0.0000e+00
1.2613e+01 2.1287e+01 9.5308e+00 1.5713e+00 0.0000e+00
1.2703e+01 2.1275e+01 9.5606e+00 1.5938e+00 0.0000e+00
1.2793e+01 2.1257e+01 9.5861e+00 1.6165e+00 0.0000e+00
1.2883e+01 2.1235e+01 9.6074e+00 1.6393e+00 0.0000e+00
1.2973e+01 2.1209e+01 9.6248e+00 1.6624e+00 0.0000e+00
1.3063e+01 2.1179e+01 9.6384e+00 1.6855e+00 0.0000e+00
1.3153e+01 2.1146e+01 9.6484e+00 1.7089e+00 0.0000e+00
1.3243e+01 2.1108e+01 9.6548e+00 1.7323e+00 0.0000e+00
1.3333e+01 2.1067e+01 9.6579e+00 1.7560e+00 0.0000e+00
1.3423e+01 2.1023e+01 9.6578e+00 1.7798e+00 0.0000e+00
1.3514e+01 2.0976e+01 9.6547e+00 1.8038e+00 0.0000e+00
1.3604e+01 2.0925e+01 9.6486e+00 1.8279e+00 0.0000e+00
1.3694e+01 2.0872e+01 9.6398e+00 1.8522e+00 0.0000e+00
1.3784e+01 2.0816e+01 9.6283e+00 1.8766e+00 0.0000e+00
1.3874e+01 2.0758e+01 9.6143e+00 1.9013e+00 0.0000e+00
1.3964e+01 2.0697e+01 9.5979e+00 1.9260e+00 0.0000e+00
1.4054e+01 2.0634e+01 9.5793e+00 1.9510e+00 0.0000e+00
1.4144e+01 2.0569e+01 9.5585e+00 1.9761e+00 0.0000e+00
1.4234e+01 2.0502e+01 9.5356e+00 2.0013e+00 0.0000e+00
1.4324e+01 2.0433e+01 9.5109e+00 2.0267e+00 0.0000e+00
1.4414e+01 2.0362e+01 9.4843e+00 2.0523e+00 0.0000e+00
1.4505e+01 2.0290e+01 9.4560e+00 2.0780e+00 0.0000e+00
1.4595e+01 2.0216e+01 9.4261e+00 2.1039e+00 0.0000e+00
1.4685e+01 2.0140e+01 9.3946e+00 2.1300e+00 0.0000e+00
1.4775e+01 2.0064e+01 9.3617e+00 2.1562e+00 0.0000e+00
1.4865e+01 1.9986e+01 9.3275e+00 2.1826e+00 0.0000e+00
1.4955e+01 1.9907e+01 9.2920e+00 2.2091e+00 0.0000e+00
1.5045e+01 1.9826e+01 9.2553e+00 2.2358e+00 0.0000e+00
1.5135e+01 1.9745e+01 9.2174e+00 2.2627e+00 0.0000e+00
1.5225e+01 1.9663e+01 9.1786e+00 2.2897e+00 0.0000e+00
1.5315e+01 1.9580e+01 9.1387e+00 2.3168e+00 0.0000e+00
1.5405e+01 1.9497e+01 9.0980e+00 2.3442e+00 0.0000e+00
1.5495e+01 1.9413e+01 9.0564e+00 2.3717e+00 0.0000e+00
1.5586e+01 1.9328e+01 9.0141e+00 2.3993e+00 0.0000e+00
1.5676e+01 1.9242e+01 8.9710e+00 2.4272e+00 0.0000e+00
1.5766e+01 1.9156e+01 8.9273e+00 2.4551e+00 0.0000e+00
1.5856e+01 1.9070e+01 8.8829e+00 2.4833e+00 0.0000e+00
1.5946e+01 1.8983e+01 8.8380e+00 2.5116e+00 0.0000e+00
1.6036e+01 1.8896e+01 8.7926e+00 2.5400e+00 0.0000e+00
1.6126e+01 1.8809e+01 8.7467e+00 2.5686e+00 0.0000e+00
1.6216e+01 1.8721e+01 8.7004e+00 2.5974e+00 0.0000e+00
1.6306e+01 1.8634e+01 8.6537e+00 2.6264e+00 0.0000e+00
1.6396e+01 1.8546e+01 8.6067e+00 2.6555e+00 0.0000e+00
1.6486e+01 1.8458e+01 8.5594e+00 2.6847e+00 0.0000e+00
1.6577e+01 1.8370e+01 8.5118e+00 2.7142e+00 0.0000e+00
1.6667e+01 1.8282e+01 8.4640e+00 2.7437e+00 0.0000e+00
1.6757e+01 1.8194e+01 8.4160e+00 2.7735e+00 0.0000e+00
1.6847e+01 1.8106e+01 8.3678e+00 2.8034e+00 0.0000e+00
1.6937e+01 1.8018e+01 8.3195e+00 2.8334e+00 0.0000e+00
1.7027e+01 1.7930e+01 8.2711e+00 2.8637e+00 0.0000e+00
1.7117e+01 1.7843e+01 8.2226e+00 2.8940e+00 0.0000e+00
1.7207e+01 1.7755e+01 8.1740e+00 2.9246e+00 0.0000e+00
1.7297e+01 1.7668e+01 8.1254e+00 2.9553e+00 0.0000e+00
1.7387e+01 1.7581e+01 8.0768e+00 2.9862e+00 0.0000e+00
1.7477e+01 1.7494e+01 8.0282e+00 3.0172e+00 0.0000e+00
1.7568e+01 1.7407e+01 7.9796e+00 3.0484e+00 0.0000e+00
1.7658e+01 1.7321e+01 7.9311e+00 3.0797e+00 0.0000e+00
1.7748e+01 1.7235e+01 7.8827e+00 3.1112e+00 0.0000e+00
1.7838e+01 1.7149e+01 7.8343e+00 3.1429e+00 0.0000e+00
1.7928e+01 1.7064e+01 7.7860e+00 3.1747e+00 0.0000e+00
1.8018e+01 1.6979e+01 7.7379e+00 3.2067e+00 0.0000e+00
1.8108e+01 1.6894e+01 7.6899e+00 3.2389e+00 0.0000e+00
1.8198e+01 1.6810e+01 7.6420e+00 3.2712e+00 0.0000e+00
1.8288e+01 1.6726e+01 7.5943e+00 3.3036e+00 0.0000e+00
1.8378e+01 1.6642e+01 7.5467e+00 3.3363e+00 0.0000e+00
1.8468e+01 1.6559e+01 7.4993e+00 3.3690e+00 0.0000e+00
1.8559e+01 1.6476e+01 7.4521e+00 3.4020e+00 0.0000e+00
1.8649e+01 1.6394e+01 7.4051e+00 3.4351e+00 0.0000e+00
1.8739e+01 1.6312e+01 7.3584e+00 3.4684e+00 0.0000e+00
1.8829e+01 1.6230e+01 7.3118e+00 3.5018e+00 0.0000e+00
1.8919e+01 1.6149e+01 7.2654e+00 3.5354e+00 0.0000e+00
1.9009e+01 1.6068e+01 7.2193e+00 3.5691e+00 0.0000e+00
1.9099e+01 1.5988e+01 7.1735e+00 3.6031e+00 0.0000e+00
1.9189e+01 1.5908e+01 7.1278e+00 3.6371e+00 0.0000e+00
1.9279e+01 1.5829e+01 7.0824e+00 3.6714e+00 0.0000e+00
1.9369e+01 1.5750e+01 7.0373e+00 3.7057e+00 0.0000e+00
1.9459e+01 1.5672e+01 6.9925e+00 3.7403e+00 0.0000e+00
1.9550e+01 1.5594e+01 6.9479e+00 3.7750e+00 0.0000e+00
1.9640e+01 1.5517e+01 6.9035e+00 3.8099e+00 0.0000e+00
1.9730e+01 1.5440e+01 6.8595e+00 3.8449e+00 0.0000e+00
1.9820e+01 1.5363e+01 6.8157e+00 3.8801e+00 0.0000e+00
1.9910e+01 1.5287e+01 6.7722e+00 3.9155e+00 0.0000e+00
2.0000e+01 1.5212e+01 6.7290e+00 3.9510e+00 0.0000e+00
2.0090e+01 1.5137e+01 6.6860e+00 3.9867e+00 0.0000e+00
2.0180e+01 1.5063e+01 6.6434e+00 4.0225e+00 0.0000e+00
2.0270e+01 1.4989e+01 6.6010e+00 4.0585e+00 0.0000e+00
2.0360e+01 1.4915e+01 6.5590e+00 4.0946e+00 0.0000e+00
2.0450e+01 1.4842e+01 6.5172e+00 4.1310e+00 0.0000e+00
2.0541e+01 1.4770e+01 6.4757e+00 4.1674e+00 0.0000e+00
2.0631e+01 1.4698e+01 6.4345e+00 4.2041e+00 0.0000e+00
2.0721e+01 1.4626e+01 6.3936e+00 4.2409e+00 0.0000e+00
2.0811e+01 1.4555e+01 6.3531e+00 4.2778e+00 0.0000e+00
2.0901e+01 1.4485e+01 6.3128e+00 4.3149e+00 0.0000e+00
2.0991e+01 1.4415e+01 6.2728e+00 4.3522e+00 0.0000e+00
2.1081e+01 1.4345e+01 6.2331e+00 4.3897e+00 0.0000e+00
2.1171e+01 1.4276e+01 6.1937e+00 4.4273e+00 0.0000e+00
2.1261e+01 1.4208e+01 6.1546e+00 4.4650e+00 0.0000e+00
2.1351e+01 1.4139e+01 6.1158e+00 4.5029e+00 0.0000e+00
2.1441e+01 1.4072e+01 6.0773e+00 4.5410e+00 0.0000e+00
2.1532e+01 1.4005e+01 6.0391e+00 4.5793e+00 0.0000e+00
2.1622e+01 1.3938e+01 6.0011e+00 4.6177e+00 0.0000e+00
2.1712e+01 1.3872e+01 5.9635e+00 4.6562e+00 0.0000e+00
2.1802e+01 1.3806e+01 5.9262e+00 4.6949e+00 0.0000e+00
2.1892e+01 1.3741e+01 5.8892e+00 4.7338e+00 0.0000e+00
2.1982e+01 1.3676e+01 5.8524e+00 4.7729e+00 0.0000e+00
2.2072e+01 1.3612e+01 5.8160e+00 4.8121e+00 0.0000e+00
2.2162e+01 1.3548e+01 5.7798e+00 4.8514e+00 0.0000e+00
2.2252e+01 1.3485e+01 5.7440e+00 4.8909e+00 0.0000e+00
2.2342e+01 1.3422e+01 5.7084e+00 4.9306e+00 0.0000e+00
2.2432e+01 1.3360e+01 5.6731e+00 4.9705e+00 0.0000e+00
2.2523e+01 1.3298e+01 5.6381e+00 5.0105e+00 0.0000e+00
2.2613e+01 1.3236e+01 5.6034e+00 5.0506e+00 0.0000e+00
2.2703e+01 1.3175e+01 5.5689e+00 5.0910e+00 0.0000e+00
2.2793e+01 1.3114e+01 5.5348e+00 5.1314e+00 0.0000e+00
2.2883e+01 1.3054e+01 5.5009e+00 5.1721e+00 0.0000e+00
2.2973e+01 1.2995e+01 5.4673e+00 5.2129e+00 0.0000e+00
2.3063e+01 1.2935e+01 5.4339e+00 5.2539e+00 0.0000e+00
2.3153e+01 1.2876e+01 5.4009e+00 5.2950e+00 0.0000e+00
2.3243e+01 1.2818e+01 5.3681e+00 5.3363e+00 0.0000e+00
2.3333e+01 1.2760e+01 5.3356e+00 5.3777e+00 0.0000e+00
2.3423e+01 1.2702e+01 5.3033e+00 5.4193e+00 0.0000e+00
2.3514e+01 1.2645e+01 5.2714e+00 5.4611e+00 0.0000e+00
2.3604e+01 1.2589e+01 5.2396e+00 5.5030e+00 0.0000e+00
2.3694e+01 1.2532e+01 5.2082e+00 5.5451e+00 0.0000e+00
2.3784e+01 1.2476e+01 5.1770e+00 5.5874e+00 0.0000e+00
2.3874e+01 1.2421e+01 5.1460e+00 5.6298e+00 0.0000e+00
2.3964e+01 1.2366e+01 5.1154e+00 5.6723e+00 0.0000e+00
2.4054e+01 1.2311e+01 5.0849e+00 5.7151e+00 0.0000e+00
2.4144e+01 1.2257e+01 5.0548e+00 5.7580e+00 0.0000e+00
2.4234e+01 1.2203e+01 5.0248e+00 5.8010e+00 0.0000e+00
2.4324e+01 1.2150e+01 4.9952e+00 5.8442e+00 0.0000e+00
2.4414e+01 1.2096e+01 4.9657e+00 5.8876e+00 0.0000e+00
2.4505e+01 1.2044e+01 4.9365e+00 5.9311e+00 0.0000e+00
2.4595e+01 1.1991e+01 4.9076e+00 5.9748e+00 0.0000e+00
2.4685e+01 1.1939e+01 4.8789e+00 6.0187e+00 0.0000e+00
2.4775e+01 1.1888e+01 4.8504e+00 6.0627e+00 0.0000e+00
2.4865e+01 1.1837e+01 4.8222e+00 6.1068e+00 0.0000e+00
2.4955e+01 1.1786e+01 4.7942e+00 6.1512e+00 0.0000e+00
2.5045e+01 1.1736e+01 4.7664e+00 6.1957e+00 0.0000e+00
2.5135e+01 1.1685e+01 4.7389e+00 6.2403e+00 0.0000e+00
2.5225e+01 1.1636e+01 4.7116e+00 6.2851e+00 0.0000e+00
2.5315e+01 1.1586e+01 4.6845e+00 6.3301e+00 0.0000e+00
2.5405e+01 1.1537e+01 4.6577e+00 6.3752e+00 0.0000e+00
2.5495e+01 1.1489e+01 4.6310e+00 6.4205e+00 0.0000e+00
2.5586e+01 1.1441e+01 4.6046e+00 6.4660e+00 0.0000e+00
2.5676e+01 1.1393e+01 4.5784e+00 6.5116e+00 0.0000e+00
2.5766e+01 1.1345e+01 4.5524e+00 6.5574e+00 0.0000e+00
2.5856e+01 1.1298e+01 4.5267e+00 6.6033e+00 0.0000e+00
2.5946e+01 1.1251e+01 4.5011e+00 6.6494e+00 0.0000e+00
2.6036e+01 1.1204e+01 4.4758e+00 6.6957e+00 0.0000e+00
2.6126e+01 1.1158e+01 4.4507e+00 6.7421e+00 0.0000e+00
2.6216e+01 1.1112e+01 4.4257e+00 6.7887e+00 0.0000e+00
2.6306e+01 1.1067e+01 4.4010e+00 6.8354e+00 0.0000e+00
2.6396e+01 1.1021e+01 4.3765e+00 6.8823e+00 0.0000e+00
2.6486e+01 1.0976e+01 4.3522e+00 6.9294e+00 0.0000e+00
2.6577e+01 1.0932e+01 4.3280e+00 6.9766e+00 0.0000e+00
2.6667e+01 1.0887e+01 4.3041e+00 7.0240e+00 0.0000e+00
2.6757e+01 1.0843e+01 4.2804e+00 7.0715e+00 0.0000e+00
2.6847e+01 1.0800e+01 4.2569e+00 7.1192e+00 0.0000e+00
2.6937e+01 1.0756e+01 4.2335e+00 7.1671e+00 0.0000e+00
2.7027e+01 1.0713e+01 4.2104e+00 7.2151e+00 0.0000e+00
2.7117e+01 1.0671e+01 4.1874e+00 7.2633e+00 0.0000e+00
2.7207e+01 1.0628e+01 4.1646e+00 7.3116e+00 0.0000e+00
2.7297e+01 1.0586e+01 4.1420e+00 7.3601e+00 0.0000e+00
2.7387e+01 1.0544e+01 4.1196e+00 7.4088e+00 0.0000e+00
2.7477e+01 1.0503e+01 4.0974e+00 7.4576e+00 0.0000e+00
2.7568e+01 1.0461e+01 4.0753e+00 7.5066e+00 0.0000e+00
2.7658e+01 1.0420e+01 4.0534e+00 7.5557e+00 0.0000e+00
2.7748e+01 1.0380e+01 4.0317e+00 7.6050e+00 0.0000e+00
2.7838e+01 1.0339e+01 4.0102e+00 7.6545e+00 0.0000e+00
2.7928e+01 1.0299e+01 3.9889e+00 7.7041e+00 0.0000e+00
2.8018e+01 1.0259e+01 3.9677e+00 7.7539e+00 0.0000e+00
2.8108e+01 1.0220e+01 3.9467e+00 7.8038e+00 0.0000e+00
2.8198e+01 1.0180e+01 3.9258e+00 7.8539e+00 0.0000e+00
2.8288e+01 1.0141e+01 3.9051e+00 7.9042e+00 0.0000e+00
2.8378e+01 1.0102e+01 3.8846e+00 7.9546e+00 0.0000e+00
2.8468e+01 1.0064e+01 3.8643e+00 8.0052e+00 0.0000e+00
2.8559e+01 1.0026e+01 3.8441e+00 8.0560e+00 0.0000e+00
2.8649e+01 9.9876e+00 3.8240e+00 8.1069e+00 0.0000e+00
2.8739e+01 9.9498e+00 3.8042e+00 8.1579e+00 0.0000e+00
2.8829e+01 9.9123e+00 3.7844e+00 8.2092e+00 0.0000e+00
2.8919e+01 9.8751e+00 3.7649e+00 8.2605e+00 0.0000e+00
2.9009e+01 9.8381e+00 3.7455e+00 8.3121e+00 0.0000e+00
2.9099e+01 9.8014e+00 3.7262e+00 8.3638e+00 0.0000e+00
2.9189e+01 9.7649e+00 3.7071e+00 8.4157e+00 0.0000e+00
2.9279e+01 9.7286e+00 3.6881e+00 8.4677e+00 0.0000e+00
2.9369e+01 9.6926e+00 3.6693e+00 8.5199e+00 0.0000e+00
2.9459e+01 9.6568e+00 3.6506e+00 8.5722e+00 0.0000e+00
2.9550e+01 9.6213e+00 3.6321e+00 8.6247e+00 0.0000e+00
2.9640e+01 9.5860e+00 3.6137e+00 8.6774e+00 0.0000e+00
2.9730e+01 9.5509e+00 3.5955e+00 8.7303e+00 0.0000e+00
2.9820e+01 9.5161e+00 3.5774e+00 8.7832e+00 0.0000e+00
2.9910e+01 9.4815e+00 3.5594e+00 8.8364e+00 0.0000e+00
3.0000e+01 9.4471e+00 3.5416e+00 8.8897e+00 0.0000e+00
3.0090e+01 9.4130e+00 3.5239e+00 8.9432e+00 0.0000e+00
3.0180e+01 9.3791e+00 3.5064e+00 8.9968e+00 0.0000e+00
3.0270e+01 9.3453e+00 3.4890e+00 9.0506e+00 0.0000e+00
3.0360e+01 9.3119e+00 3.4717e+00 9.1046e+00 0.0000e+00
3.0450e+01 9.2786e+00 3.4545e+00 9.1587e+00 0.0000e+00
3.0541e+01 9.2455e+00 3.4375e+00 9.2129e+00 0.0000e+00
3.0631e+01 9.2127e+00 3.4206e+00 9.2674e+00 0.0000e+00
3.0721e+01 9.1801e+00 3.4039e+00 9.3220e+00 0.0000e+00
3.0811e+01 9.1477e+00 3.3872e+00 9.3767e+00 0.0000e+00
3.0901e+01 9.1154e+00 3.3707e+00 9.4316e+00 0.0000e+00
3.0991e+01 9.0834e+00 3.3543e+00 9.4867e+00 0.0000e+00
3.1081e+01 9.0516e+00 3.3381e+00 9.5419e+00 0.0000e+00
3.1171e+01 9.0200e+00 3.3219e+00 9.5973e+00 0.0000e+00
3.1261e+01 8.9886e+00 3.3059e+00 9.6529e+00 0.0000e+00
3.1351e+01 8.9575e+00 3.2900e+00 9.7086e+00 0.0000e+00
3.1441e+01 8.9265e+00 3.2742e+00 9.7645e+00 0.0000e+00
3.1532e+01 8.8956e+00 3.2585e+00 9.8205e+00 0.0000e+00
3.1622e+01 8.8650e+00 3.2430e+00 9.8767e+00 0.0000e+00
3.1712e+01 8.8346e+00 3.2275e+00 9.9331e+00 0.0000e+00
3.1802e+01 8.8044e+00 3.2122e+00 9.9896e+00 0.0000e+00
3.1892e+01 8.7744e+00 3.1970e+00 1.0046e+01 0.0000e+00
3.1982e+01 8.7445e+00 3.1819e+00 1.0103e+01 0.0000e+00
3.2072e+01 8.7148e+00 3.1669e+00 1.0160e+01 0.0000e+00
3.2162e+01 8.6854e+00 3.1520e+00 1.0217e+01 0.0000e+00
3.2252e+01 8.6561e+00 3.1372e+00 1.0275e+01 0.0000e+00
3.2342e+01 8.6270e+00 3.1226e+00 1.0332e+01 1.1479e-15
3.2432e+01 8.5980e+00 3.1080e+00 1.0390e+01 3.4438e-15
3.2523e+01 8.5693e+00 3.0936e+00 1.0448e+01 1.3775e-14
3.2613e+01 8.5407e+00 3.0792e+00 1.0505e+01 5.6249e-14
3.2703e+01 8.5123e+00 3.0650e+00 1.0564e+01 2.1926e-13
3.2793e+01 8.4840e+00 3.0508e+00 1.0622e+01 8.0815e-13
3.2883e+01 8.4560e+00 3.0368e+00 1.0680e+01 2.8010e-12
3.2973e+01 8.4281e+00 3.0228e+00 1.0739e+01 9.2168e-12
3.3063e+01 8.4004e+00 3.0090e+00 1.0798e+01 2.8832e-11
3.3153e+01 8.3728e+00 2.9953e+00 1.0857e+01 8.5925e-11
3.3243e+01 8.3454e+00 2.9816e+00 1.0916e+01 2.4446e-10
3.3333e+01 8.3182e+00 2.9681e+00 1.0975e+01 6.6531e-10
3.3423e+01 8.2911e+00 2.9546e+00 1.1034e+01 1.7354e-09
3.3514e+01 8.2643e+00 2.9413e+00 1.1094e+01 4.3464e-09
3.3604e+01 8.2375e+00 2.9280e+00 1.1154e+01 1.0471e-08
3.3694e+01 8.2109e+00 2.9148e+00 1.1214e+01 2.4307e-08
3.3784e+01 8.1845e+00 2.9017e+00 1.1274e+01 5.4453e-08
3.3874e+01 8.1583e+00 2.8888e+00 1.1334e+01 1.1791e-07
3.3964e+01 8.1322e+00 2.8759e+00 1.1394e+01 2.4713e-07
3.4054e+01 8.1062e+00 2.8631e+00 1.1455e+01 5.0210e-07
3.4144e+01 8.0804e+00 2.8503e+00 1.1515e+01 9.9019e-07
3.4234e+01 8.0548e+00 2.8377e+00 1.1576e+01 1.8979e-06
3.4324e+01 8.0293e+00 2.8252e+00 1.1637e+01 3.5397e-06
3.4414e+01 8.0039e+00 2.8127e+00 1.1698e+01 6.4318e-06
3.4505e+01 7.9787e+00 2.8004e+00 1.1760e+01 1.1399e-05
3.4595e+01 7.9537e+00 2.7881e+00 1.1821e+01 1.9723e-05
3.4685e+01 7.9288e+00 2.7759e+00 1.1883e+01 3.3357e-05
3.4775e+01 7.9040e+00 2.7638e+00 1.1945e+01 5.5191e-05
3.4865e+01 7.8794e+00 2.7517e+00 1.2007e+01 8.9425e-05
3.4955e+01 7.8549e+00 2.7398e+00 1.2069e+01 1.4201e-04
3.5045e+01 7.8306e+00 2.7279e+00 1.2131e+01 2.2124e-04
3.5135e+01 7.8064e+00 2.7161e+00 1.2193e+01 3.3839e-04
3.5225e+01 7.7823e+00 2.7044e+00 1.2256e+01 5.0854e-04
3.5315e+01 7.7584e+00 2.6928e+00 1.2318e+01 7.5148e-04
3.5405e+01 7.7346e+00 2.6813e+00 1.2381e+01 1.0927e-03
3.5495e+01 7.7110e+00 2.6698e+00 1.2443e+01 1.5645e-03
3.5586e+01 7.6875e+00 2.6584e+00 1.2506e+01 2.2072e-03
3.5676e+01 7.6641e+00 2.6471e+00 1.2568e+01 3.0702e-03
3.5766e+01 7.6409e+00 2.6358e+00 1.2631e+01 4.2130e-03
3.5856e+01 7.6177e+00 2.6247e+00 1.2693e+01 5.7067e-03
3.5946e+01 7.5948e+00 2.6136e+00 1.2755e+01 7.6345e-03
3.6036e+01 7.5719e+00 2.6026e+00 1.2817e+01 1.0093e-02
3.6126e+01 7.5492e+00 2.5916e+00 1.2878e+01 1.3191e-02
3.6216e+01 7.5266e+00 2.5807e+00 1.2938e+01 1.7054e-02
3.6306e+01 7.5041e+00 2.5699e+00 1.2998e+01 2.1818e-02
3.6396e+01 7.4817e+00 2.5592e+00 1.3057e+01 2.7635e-02
3.6486e+01 7.4595e+00 2.5486e+00 1.3115e+01 3.4669e-02
3.6577e+01 7.4374e+00 2.5380e+00 1.3171e+01 4.3096e-02
3.6667e+01 7.4154e+00 2.5274e+00 1.3227e+01 5.3102e-02
3.6757e+01 7.3936e+00 2.5170e+00 1.3280e+01 6.4881e-02
3.6847e+01 7.3718e+00 2.5066e+00 1.3332e+01 7.8636e-02
3.6937e+01 7.3502e+00 2.4963e+00 1.3382e+01 9.4573e-02
3.7027e+01 7.3287e+00 2.4861e+00 1.3429e+01 1.1290e-01
3.7117e+01 7.3073e+00 2.4759e+00 1.3474e+01 1.3382e-01
3.7207e+01 7.2861e+00 2.4658e+00 1.3517e+01 1.5755e-01
3.7297e+01 7.2649e+00 2.4557e+00 1.3556e+01 1.8428e-01
3.7387e+01 7.2439e+00 2.4457e+00 1.3593e+01 2.1420e-01
3.7477e+01 7.2229e+00 2.4358e+00 1.3626e+01 2.4749e-01
3.7568e+01 7.2021e+00 2.4259e+00 1.3656e+01 2.8432e-01
3.7658e+01 7.1814e+00 2.4162e+00 1.3682e+01 3.2485e-01
3.7748e+01 7.1609e+00 2.4064e+00 1.3705e+01 3.6920e-01
3.7838e+01 7.1404e+00 2.3968e+00 1.3724e+01 4.1749e-01
3.7928e+01 7.1200e+00 2.3871e+00 1.3739e+01 4.6982e-01
3.8018e+01 7.0997e+00 2.3776e+00 1.3750e+01 5.2626e-01
3.8108e+01 7.0796e+00 2.3681e+00 1.3757e+01 5.8687e-01
3.8198e+01 7.0596e+00 2.3587e+00 1.3761e+01 6.5167e-01
3.8288e+01 7.0396e+00 2.3493e+00 1.3760e+01 7.2069e-01
3.8378e+01 7.0198e+00 2.3400e+00 1.3755e+01 7.9389e-01
3.8468e+01 7.0001e+00 2.3308e+00 1.3746e+01 8.7126e-01
3.8559e+01 6.9804e+00 2.3216e+00 1.3733e+01 9.5274e-01
3.8649e+01 6.9609e+00 2.3124e+00 1.3716e+01 1.0382e+00
3.8739e+01 6.9415e+00 2.3034e+00 1.3695e+01 1.1277e+00
3.8829e+01 6.9222e+00 2.2943e+00 1.3671e+01 1.2210e+00
3.8919e+01 6.9030e+00 2.2854e+00 1.3643e+01 1.3179e+00
3.9009e+01 6.8838e+00 2.2765e+00 1.3612e+01 1.4185e+00
3.9099e+01 6.8648e+00 2.2676e+00 1.3578e+01 1.5224e+00
3.9189e+01 6.8459e+00 2.2588e+00 1.3540e+01 1.6296e+00
3.9279e+01 6.8271e+00 2.2501e+00 1.3500e+01 1.7398e+00
3.9369e+01 6.8084e+00 2.2414e+00 1.3457e+01 1.8530e+00
3.9459e+01 6.7897e+00 2.2327e+00 1.3411e+01 1.9688e+00
3.9550e+01 6.7712e+00 2.2241e+00 1.3363e+01 2.0871e+00
3.9640e+01 6.7528e+00 2.2156e+00 1.3313e+01 2.2078e+00
3.9730e+01 6.7344e+00 2.2071e+00 1.3261e+01 2.3305e+00
3.9820e+01 6.7162e+00 2.1987e+00 1.3207e+01 2.4551e+00
3.9910e+01 6.6980e+00 2.1903e+00 1.3151e+01 2.5814e+00
4.0000e+01 6.6800e+00 2.1820e+00 1.3094e+01 2.7092e+00
4.0090e+01 6.6620e+00 2.1737e+00 1.3036e+01 2.8383e+00
4.0180e+01 6.6441e+00 2.1655e+00 1.2977e+01 2.9685e+00
4.0270e+01 6.6263e+00 2.1573e+00 1.2918e+01 3.0996e+00
4.0360e+01 6.6086e+00 2.1492e+00 1.2857e+01 3.2313e+00
4.0450e+01 6.5910e+00 2.1411e+00 1.2796e+01 3.3635e+00
4.0541e+01 6.5735e+00 2.1331e+00 1.2735e+01 3.4960e+00
4.0631e+01 6.5561e+00 2.1251e+00 1.2673e+01 3.6286e+00
4.0721e+01 6.5387e+00 2.1172e+00 1.2611e+01 3.7610e+00
4.0811e+01 6.5214e+00 2.1093e+00 1.2549e+01 3.8930e+00
4.0901e+01 6.5043e+00 2.1014e+00 1.2487e+01 4.0246e+00
4.0991e+01 6.4872e+00 2.0936e+00 1.2426e+01 4.1553e+00
4.1081e+01 6.4702e+00 2.0859e+00 1.2364e+01 4.2850e+00
4.1171e+01 6.4533e+00 2.0782e+00 1.2302e+01 4.4135e+00
4.1261e+01 6.4364e+00 2.0705e+00 1.2240e+01 4.5405e+00
4.1351e+01 6.4197e+00 2.0629e+00 1.2179e+01 4.6658e+00
4.1441e+01 6.4030e+00 2.0553e+00 1.2117e+01 4.7891e+00
4.1532e+01 6.3864e+00 2.0478e+00 1.2055e+01 4.9101e+00
4.1622e+01 6.3699e+00 2.0403e+00 1.1992e+01 5.0286e+00
4.1712e+01 6.3535e+00 2.0329e+00 1.1930e+01 5.1443e+00
4.1802e+01 6.3371e+00 2.0255e+00 1.1866e+01 5.2569e+00
4.1892e+01 6.3208e+00 2.0182e+00 1.1802e+01 5.3661e+00
4.1982e+01 6.3046e+00 2.0108e+00 1.1737e+01 5.4717e+00
4.2072e+01 6.2885e+00 2.0036e+00 1.1671e+01 5.5734e+00
4.2162e+01 6.2725e+00 1.9964e+00 1.1604e+01 5.6708e+00
4.2252e+01 6.2565e+00 1.9892e+00 1.1535e+01 5.7637e+00
4.2342e+01 6.2406e+00 1.9820e+00 1.1464e+01 5.8518e+00
4.2432e+01 6.2248e+00 1.9749e+00 1.1391e+01 5.9349e+00
4.2523e+01 6.2091e+00 1.9679e+00 1.1316e+01 6.0127e+00
4.2613e+01 6.1935e+00 1.9609e+00 1.1239e+01 6.0850e+00
4.2703e+01 6.1779e+00 1.9539e+00 1.1159e+01 6.1517e+00
4.2793e+01 6.1624e+00 1.9469e+00 1.1076e+01 6.2124e+00
4.2883e+01 6.1469e+00 1.9400e+00 1.0991e+01 6.2670e+00
4.2973e+01 6.1316e+00 1.9332e+00 1.0902e+01 6.3155e+00
4.3063e+01 6.1163e+00 1.9264e+00 1.0810e+01 6.3576e+00
4.3153e+01 6.1011e+00 1.9196e+00 1.0715e+01 6.3934e+00
4.3243e+01 6.0859e+00 1.9128e+00 1.0617e+01 6.4226e+00
4.3333e+01 6.0708e+00 1.9061e+00 1.0515e+01 6.4454e+00
4.3423e+01 6.0558e+00 1.8994e+00 1.0410e+01 6.4617e+00
4.3514e+01 6.0409e+00 1.8928e+00 1.0301e+01 6.4715e+00
4.3604e+01 6.0260e+00 1.8862e+00 1.0189e+01 6.4748e+00
4.3694e+01 6.0113e+00 1.8797e+00 1.0074e+01 6.4718e+00
4.3784e+01 5.9965e+00 1.8731e+00 9.9553e+00 6.4625e+00
4.3874e+01 5.9819e+00 1.8666e+00 9.8333e+00 6.4471e+00
4.3964e+01 5.9673e+00 1.8602e+00 9.7082e+00 6.4257e+00
4.4054e+01 5.9528e+00 1.8538e+00 9.5801e+00 6.3984e+00
4.4144e+01 5.9383e+00 1.8474e+00 9.4490e+00 6.3655e+00
4.4234e+01 5.9239e+00 1.8411e+00 9.3152e+00 6.3272e+00
4.4324e+01 5.9096e+00 1.8347e+00 9.1788e+00 6.2835e+00
4.4414e+01 5.8953e+00 1.8285e+00 9.0401e+00 6.2349e+00
4.4505e+01 5.8812e+00 1.8222e+00 8.8990e+00 6.1815e+00
4.4595e+01 5.8670e+00 1.8160e+00 8.7560e+00 6.1235e+00
4.4685e+01 5.8530e+00 1.8099e+00 8.6111e+00 6.0613e+00
4.4775e+01 5.8390e+00 1.8037e+00 8.4646e+00 5.9950e+00
4.4865e+01 5.8250e+00 1.7976e+00 8.3166e+00 5.9249e+00
4.4955e+01 5.8112e+00 1.7915e+00 8.1674e+00 5.8514e+00
4.5045e+01 5.7973e+00 1.7855e+00 8.0173e+00 5.7746e+00
4.5135e+01 5.7836e+00 1.7795e+00 7.8663e+00 5.6948e+00
4.5225e+01 5.7699e+00 1.7735e+00 7.7147e+00 5.6123e+00
4.5315e+01 5.7563e+00 1.7676e+00 7.5628e+00 5.5274e+00
4.5405e+01 5.7427e+00 1.7617e+00 7.4106e+00 5.4402e+00
4.5495e+01 5.7292e+00 1.7558e+00 7.2585e+00 5.3510e+00
4.5586e+01 5.7158e+00 1.7499e+00 7.1065e+00 5.2602e+00
4.5676e+01 5.7024e+00 1.7441e+00 6.9550e+00 5.1678e+00
4.5766e+01 5.6891e+00 1.7383e+00 6.8039e+00 5.0742e+00
4.5856e+01 5.6758e+00 1.7326e+00 6.6536e+00 4.9795e+00
4.5946e+01 5.6626e+00 1.7269e+00 6.5042e+00 4.8840e+00
4.6036e+01 5.6495e+00 1.7212e+00 6.3558e+00 4.7878e+00
4.6126e+01 5.6364e+00 1.7155e+00 6.2086e+00 4.6912e+00
4.6216e+01 5.6233e+00 1.7099e+00 6.0627e+00 4.5943e+00
4.6306e+01 5.6104e+00 1.7043e+00 5.9182e+00 4.4973e+00
4.6396e+01 5.5974e+00 1.6987e+00 5.7753e+00 4.4004e+00
4.6486e+01 5.5846e+00 1.6931e+00 5.6340e+00 4.3036e+00
4.6577e+01 5.5718e+00 1.6876e+00 5.4945e+00 4.2072e+00
4.6667e+01 5.5590e+00 1.6821e+00 5.3568e+00 4.1113e+00
4.6757e+01 5.5463e+00 1.6767e+00 5.2210e+00 4.0160e+00
4.6847e+01 5.5337e+00 1.6712e+00 5.0873e+00 3.9214e+00
4.6937e+01 5.5211e+00 1.6658e+00 4.9556e+00 3.8277e+00
4.7027e+01 5.5086e+00 1.6605e+00 4.8261e+00 3.7349e+00
4.7117e+01 5.4961e+00 1.6551e+00 4.6988e+00 3.6430e+00
4.7207e+01 5.4837e+00 1.6498e+00 4.5737e+00 3.5523e+00
4.7297e+01 5.4713e+00 1.6445e+00 4.4508e+00 3.4627e+00
4.7387e+01 5.4590e+00 1.6392e+00 4.3303e+00 3.3744e+00
4.7477e+01 5.4467e+00 1.6340e+00 4.2120e+00 3.2873e+00
4.7568e+01 5.4345e+00 1.6288e+00 4.0962e+00 3.2016e+00
4.7658e+01 5.4224e+00 1.6236e+00 3.9827e+00 3.1173e+00
4.7748e+01 5.4103e+00 1.6185e+00 3.8715e+00 3.0344e+00
4.7838e+01 5.3982e+00 1.6133e+00 3.7627e+00 2.9529e+00
4.7928e+01 5.3862e+00 1.6082e+00 3.6564e+00 2.8730e+00
4.8018e+01 5.3743e+00 1.6031e+00 3.5523e+00 2.7945e+00
4.8108e+01 5.3624e+00 1.5981e+00 3.4507e+00 2.7176e+00
4.8198e+01 5.3505e+00 1.5931e+00 3.3514e+00 2.6423e+00
4.8288e+01 5.3387e+00 1.5881e+00 3.2544e+00 2.5684e+00
4.8378e+01 5.3269e+00 1.5831e+00 3.1597e+00 2.4962e+00
4.8468e+01 5.3152e+00 1.5781e+00 3.0674e+00 2.4255e+00
4.8559e+01 5.3036e+00 1.5732e+00 2.9773e+00 2.3564e+00
4.8649e+01 5.2920e+00 1.5683e+00 2.8895e+00 2.2889e+00
4.8739e+01 5.2804e+00 1.5634e+00 2.8039e+00 2.2229e+00
4.8829e+01 5.2689e+00 1.5586e+00 2.7205e+00 2.1585e+00
4.8919e+01 5.2574e+00 1.5538e+00 2.6392e+00 2.0956e+00
4.9009e+01 5.2460e+00 1.5489e+00 2.5601e+00 2.0342e+00
4.9099e+01 5.2347e+00 1.5442e+00 2.4831e+00 1.9744e+00
4.9189e+01 5.2233e+00 1.5394e+00 2.4081e+00 1.9160e+00
4.9279e+01 5.2121e+00 1.5347e+00 2.3352e+00 1.8592e+00
4.9369e+01 5.2008e+00 1.5300e+00 2.2642e+00 1.8038e+00
4.9459e+01 5.1897e+00 1.5253e+00 2.1952e+00 1.7498e+00
4.9550e+01 5.1785e+00 1.5206e+00 2.1281e+00 1.6972e+00
4.9640e+01 5.1674e+00 1.5160e+00 2.0629e+00 1.6461e+00
4.9730e+01 5.1564e+00 1.5114e+00 1.9995e+00 1.5963e+00
4.9820e+01 5.1454e+00 1.5068e+00 1.9379e+00 1.5479e+00
4.9910e+01 5.1344e+00 1.5022e+00 1.8781e+00 1.5007e+00
5.0000e+01 5.1235e+00 1.4976e+00 1.8200e+00 1.4549e+00
5.0090e+01 5.1127e+00 1.4931e+00 1.7635e+00 1.4104e+00
5.0180e+01 5.1018e+00 1.4886e+00 1.7087e+00 1.3671e+00
5.0270e+01 5.0911e+00 1.4841e+00 1.6555e+00 1.3250e+00
5.0360e+01 5.0803e+00 1.4797e+00 1.6039e+00 1.2841e+00
5.0450e+01 5.0696e+00 1.4752e+00 1.5538e+00 1.2444e+00
5.0541e+01 5.0590e+00 1.4708e+00 1.5051e+00 1.2059e+00
5.0631e+01 5.0484e+00 1.4664e+00 1.4579e+00 1.1684e+00
5.0721e+01 5.0378e+00 1.4620e+00 1.4122e+00 1.1321e+00
5.0811e+01 5.0273e+00 1.4577e+00 1.3678e+00 1.0968e+00
5.0901e+01 5.0168e+00 1.4533e+00 1.3247e+00 1.0625e+00
5.0991e+01 5.0064e+00 1.4490e+00 1.2829e+00 1.0293e+00
5.1081e+01 4.9960e+00 1.4447e+00 1.2424e+00 9.9703e-01
5.1171e+01 4.9856e+00 1.4404e+00 1.2032e+00 9.6574e-01
5.1261e+01 4.9753e+00 1.4362e+00 1.1651e+00 9.3539e-01
5.1351e+01 4.9650e+00 1.4320e+00 1.1282e+00 9.0595e-01
5.1441e+01 4.9548e+00 1.4278e+00 1.0924e+00 8.7740e-01
5.1532e+01 4.9446e+00 1.4236e+00 1.0578e+00 8.4972e-01
5.1622e+01 4.9344e+00 1.4194e+00 1.0242e+00 8.2287e-01
5.1712e+01 4.9243e+00 1.4152e+00 9.9164e-01 7.9685e-01
5.1802e+01 4.9143e+00 1.4111e+00 9.6010e-01 7.7162e-01
5.1892e+01 4.9042e+00 1.4070e+00 9.2954e-01 7.4717e-01
5.1982e+01 4.8942e+00 1.4029e+00 8.9993e-01 7.2347e-01
5.2072e+01 4.8843e+00 1.3988e+00 8.7126e-01 7.0051e-01
5.2162e+01 4.8743e+00 1.3948e+00 8.4347e-01 6.7825e-01
5.2252e+01 4.8645e+00 1.3907e+00 8.1656e-01 6.5668e-01
5.2342e+01 4.8546e+00 1.3867e+00 7.9050e-01 6.3579e-01
5.2432e+01 4.8448e+00 1.3827e+00 7.6526e-01 6.1555e-01
5.2523e+01 4.8351e+00 1.3787e+00 7.4081e-01 5.9594e-01
5.2613e+01 4.8253e+00 1.3748e+00 7.1713e-01 5.7694e-01
5.2703e+01 4.8156e+00 1.3708e+00 6.9421e-01 5.5854e-01
5.2793e+01 4.8060e+00 1.3669e+00 6.7201e-01 5.4071e-01
5.2883e+01 4.7964e+00 1.3630e+00 6.5051e-01 5.2345e-01
5.2973e+01 4.7868e+00 1.3591e+00 6.2969e-01 5.0673e-01
5.3063e+01 4.7772e+00 1.3552e+00 6.0954e-01 4.9054e-01
5.3153e+01 4.7677e+00 1.3514e+00 5.9003e-01 4.7486e-01
5.3243e+01 4.7583e+00 1.3475e+00 5.7114e-01 4.5968e-01
5.3333e+01 4.7488e+00 1.3437e+00 5.5285e-01 4.4498e-01
5.3423e+01 4.7394e+00 1.3399e+00 5.3514e-01 4.3074e-01
5.3514e+01 4.7301e+00 1.3361e+00 5.1800e-01 4.1696e-01
5.3604e+01 4.7207e+00 1.3324e+00 5.0141e-01 4.0361e-01
5.3694e+01 4.7114e+00 1.3286e+00 4.8535e-01 3.9069e-01
5.3784e+01 4.7022e+00 1.3249e+00 4.6980e-01 3.7819e-01
5.3874e+01 4.6930e+00 1.3212e+00 4.5475e-01 3.6608e-01
5.3964e+01 4.6838e+00 1.3175e+00 4.4019e-01 3.5435e-01
5.4054e+01 4.6746e+00 1.3138e+00 4.2609e-01 3.4301e-01
5.4144e+01 4.6655e+00 1.3101e+00 4.1244e-01 3.3202e-01
5.4234e+01 4.6564e+00 1.3065e+00 3.9923e-01 3.2139e-01
5.4324e+01 4.6474e+00 1.3028e+00 3.8644e-01 3.1109e-01
5.4414e+01 4.6383e+00 1.2992e+00 3.7407e-01 3.0113e-01
5.4505e+01 4.6294e+00 1.2956e+00 3.6209e-01 2.9149e-01
5.4595e+01 4.6204e+00 1.2920e+00 3.5050e-01 2.8215e-01
5.4685e+01 4.6115e+00 1.2885e+00 3.3928e-01 2.7312e-01
5.4775e+01 4.6026e+00 1.2849e+00 3.2842e-01 2.6437e-01
5.4865e+01 4.5938e+00 1.2814e+00 3.1791e-01 2.5591e-01
5.4955e+01 4.5849e+00 1.2779e+00 3.0774e-01 2.4771e-01
5.5045e+01 4.5761e+00 1.2743e+00 2.9789e-01 2.3978e-01
5.5135e+01 4.5674e+00 1.2709e+00 2.8837e-01 2.3211e-01
5.5225e+01 4.5587e+00 1.2674e+00 2.7914e-01 2.2468e-01
5.5315e+01 4.5500e+00 1.2639e+00 2.7022e-01 2.1749e-01
5.5405e+01 4.5413e+00 1.2605e+00 2.6158e-01 2.1054e-01
5.5495e+01 4.5327e+00 1.2571e+00 2.5323e-01 2.0380e-01
5.5586e+01 4.5241e+00 1.2536e+00 2.4514e-01 1.9728e-01
5.5676e+01 4.5155e+00 1.2502e+00 2.3731e-01 1.9098e-01
5.5766e+01 4.5070e+00 1.2469e+00 2.2973e-01 1.8487e-01
5.5856e+01 4.4985e+00 1.2435e+00 2.2240e-01 1.7897e-01
5.5946e+01 4.4900e+00 1.2401e+00 2.1530e-01 1.7325e-01
5.6036e+01 4.4816e+00 1.2368e+00 2.0843e-01 1.6771e-01
5.6126e+01 4.4732e+00 1.2335e+00 2.0179e-01 1.6236e-01
5.6216e+01 4.4648e+00 1.2302e+00 1.9535e-01 1.5718e-01
5.6306e+01 4.4564e+00 1.2269e+00 1.8913e-01 1.5216e-01
5.6396e+01 4.4481e+00 1.2236e+00 1.8310e-01 1.4731e-01
5.6486e+01 4.4398e+00 1.2203e+00 1.7727e-01 1.4261e-01
5.6577e+01 4.4315e+00 1.2171e+00 1.7163e-01 1.3806e-01
5.6667e+01 4.4233e+00 1.2138e+00 1.6616e-01 1.3366e-01
5.6757e+01 4.4151e+00 1.2106e+00 1.6088e-01 1.2940e-01
5.6847e+01 4.4069e+00 1.2074e+00 1.5576e-01 1.2528e-01
5.6937e+01 4.3988e+00 1.2042e+00 1.5081e-01 1.2129e-01
5.7027e+01 4.3907e+00 1.2010e+00 1.4602e-01 1.1743e-01
5.7117e+01 4.3826e+00 1.1978e+00 1.4138e-01 1.1369e-01
5.7207e+01 4.3745e+00 1.1947e+00 1.3689e-01 1.1008e-01
5.7297e+01 4.3665e+00 1.1915e+00 1.3254e-01 1.0657e-01
5.7387e+01 4.3585e+00 1.1884e+00 1.2834e-01 1.0319e-01
5.7477e+01 4.3505e+00 1.1853e+00 1.2427e-01 9.9908e-02
5.7568e+01 4.3426e+00 1.1822e+00 1.2033e-01 9.6735e-02
5.7658e+01 4.3346e+00 1.1791e+00 1.1651e-01 9.3663e-02
5.7748e+01 4.3268e+00 1.1760e+00 1.1282e-01 9.0690e-02
5.7838e+01 4.3189e+00 1.1729e+00 1.0925e-01 8.7813e-02
5.7928e+01 4.3111e+00 1.1699e+00 1.0579e-01 8.5028e-02
5.8018e+01 4.3032e+00 1.1669e+00 1.0244e-01 8.2332e-02
5.8108e+01 4.2955e+00 1.1638e+00 9.9201e-02 7.9723e-02
5.8198e+01 4.2877e+00 1.1608e+00 9.6064e-02 7.7197e-02
5.8288e+01 4.2800e+00 1.1578e+00 9.3028e-02 7.4753e-02
5.8378e+01 4.2723e+00 1.1548e+00 9.0089e-02 7.2387e-02
5.8468e+01 4.2646e+00 1.1519e+00 8.7245e-02 7.0097e-02
5.8559e+01 4.2570e+00 1.1489e+00 8.4491e-02 6.7880e-02
5.8649e+01 4.2493e+00 1.1459e+00 8.1825e-02 6.5734e-02
5.8739e+01 4.2417e+00 1.1430e+00 7.9245e-02 6.3657e-02
5.8829e+01 4.2342e+00 1.1401e+00 7.6747e-02 6.1646e-02
5.8919e+01 4.2266e+00 1.1372e+00 7.4328e-02 5.9700e-02
5.9009e+01 4.2191e+00 1.1343e+00 7.1987e-02 5.7816e-02
5.9099e+01 4.2116e+00 1.1314e+00 6.9721e-02 5.5992e-02
5.9189e+01 4.2041e+00 1.1285e+00 6.7527e-02 5.4226e-02
5.9279e+01 4.1967e+00 1.1256e+00 6.5403e-02 5.2517e-02
5.9369e+01 4.1893e+00 1.1228e+00 6.3347e-02 5.0863e-02
5.9459e+01 4.1819e+00 1.1199e+00 6.1356e-02 4.9261e-02
5.9550e+01 4.1745e+00 1.1171e+00 5.9429e-02 4.7710e-02
5.9640e+01 4.1672e+00 1.1143e+00 5.7563e-02 4.6209e-02
5.9730e+01 4.1599e+00 1.1115e+00 5.5756e-02 4.4756e-02
5.9820e+01 4.1526e+00 1.1087e+00 5.4007e-02 4.3349e-02
5.9910e+01 4.1453e+00 1.1059e+00 5.2314e-02 4.1987e-02
6.0000e+01 4.1381e+00 1.1031e+00 5.0674e-02 4.0668e-02
6.0090e+01 4.1308e+00 1.1003e+00 4.9087e-02 3.9392e-02
6.0180e+01 4.1237e+00 1.0976e+00 4.7550e-02 3.8156e-02
6.0270e+01 4.1165e+00 1.0949e+00 4.6062e-02 3.6959e-02
6.0360e+01 4.1093e+00 1.0921e+00 4.4621e-02 3.5800e-02
6.0450e+01 4.1022e+00 1.0894e+00 4.3226e-02 3.4678e-02
6.0541e+01 4.0951e+00 1.0867e+00 4.1875e-02 3.3592e-02
6.0631e+01 4.0880e+00 1.0840e+00 4.0567e-02 3.2541e-02
6.0721e+01 4.0810e+00 1.0813e+00 3.9300e-02 3.1522e-02
6.0811e+01 4.0740e+00 1.0786e+00 3.8073e-02 3.0536e-02
6.0901e+01 4.0670e+00 1.0760e+00 3.6886e-02 2.9582e-02
6.0991e+01 4.0600e+00 1.0733e+00 3.5735e-02 2.8657e-02
6.1081e+01 4.0530e+00 1.0707e+00 3.4622e-02 2.7762e-02
6.1171e+01 4.0461e+00 1.0680e+00 3.3543e-02 2.6895e-02
6.1261e+01 4.0392e+00 1.0654e+00 3.2499e-02 2.6056e-02
6.1351e+01 4.0323e+00 1.0628e+00 3.1487e-02 2.5243e-02
6.1441e+01 4.0254e+00 1.0602e+00 3.0508e-02 2.4456e-02
6.1532e+01 4.0186e+00 1.0576e+00 2.9559e-02 2.3694e-02
6.1622e+01 4.0117e+00 1.0550e+00 2.8640e-02 2.2956e-02
6.1712e+01 4.0049e+00 1.0525e+00 2.7751e-02 2.2241e-02
6.1802e+01 3.9982e+00 1.0499e+00 2.6889e-02 2.1549e-02
6.1892e+01 3.9914e+00 1.0474e+00 2.6054e-02 2.0879e-02
6.1982e+01 3.9847e+00 1.0448e+00 2.5246e-02 2.0230e-02
6.2072e+01 3.9779e+00 1.0423e+00 2.4463e-02 1.9601e-02
6.2162e+01 3.9713e+00 1.0398e+00 2.3705e-02 1.8992e-02
6.2252e+01 3.9646e+00 1.0373e+00 2.2971e-02 1.8403e-02
6.2342e+01 3.9579e+00 1.0348e+00 2.2260e-02 1.7832e-02
6.2432e+01 3.9513e+00 1.0323e+00 2.1571e-02 1.7279e-02
6.2523e+01 3.9447e+00 1.0298e+00 2.0903e-02 1.6743e-02
6.2613e+01 3.9381e+00 1.0273e+00 2.0257e-02 1.6224e-02
6.2703e+01 3.9316e+00 1.0249e+00 1.9631e-02 1.5722e-02
6.2793e+01 3.9250e+00 1.0224e+00 1.9025e-02 1.5235e-02
6.2883e+01 3.9185e+00 1.0200e+00 1.8437e-02 1.4763e-02
6.2973e+01 3.9120e+00 1.0175e+00 1.7868e-02 1.4307e-02
6.3063e+01 3.9055e+00 1.0151e+00 1.7317e-02 1.3865e-02
6.3153e+01 3.8991e+00 1.0127e+00 1.6783e-02 1.3436e-02
6.3243e+01 3.8926e+00 1.0103e+00 1.6266e-02 1.3021e-02
6.3333e+01 3.8862e+00 1.0079e+00 1.5765e-02 1.2619e-02
6.3423e+01 3.8798e+00 1.0055e+00 1.5279e-02 1.2230e-02
6.3514e+01 3.8734e+00 1.0031e+00 1.4809e-02 1.1853e-02
6.3604e+01 3.8671e+00 1.0008e+00 1.4354e-02 1.1487e-02
6.3694e+01 3.8607e+00 9.9840e-01 1.3912e-02 1.1133e-02
6.3784e+01 3.8544e+00 9.9605e-01 1.3485e-02 1.0790e-02
6.3874e+01 3.8481e+00 9.9370e-01 1.3071e-02 1.0458e-02
6.3964e+01 3.8418e+00 9.9137e-01 1.2669e-02 1.0136e-02
6.4054e+01 3.8356e+00 9.8905e-01 1.2281e-02 9.8247e-03
6.4144e+01 3.8293e+00 9.8673e-01 1.1904e-02 9.5227e-03
6.4234e+01 3.8231e+00 9.8443e-01 1.1539e-02 9.2301e-03
6.4324e+01 3.8169e+00 9.8213e-01 1.1185e-02 8.9466e-03
6.4414e+01 3.8107e+00 9.7984e-01 1.0843e-02 8.6720e-03
6.4505e+01 3.8046e+00 9.7756e-01 1.0511e-02 8.4059e-03
6.4595e+01 3.7984e+00 9.7529e-01 1.0189e-02 8.1481e-03
6.4685e+01 3.7923e+00 9.7303e-01 9.8775e-03 7.8983e-03
6.4775e+01 3.7862e+00 9.7077e-01 9.5755e-03 7.6563e-03
6.4865e+01 3.7801e+00 9.6853e-01 9.2829e-03 7.4218e-03
6.4955e+01 3.7741e+00 9.6629e-01 8.9994e-03 7.1947e-03
6.5045e+01 3.7680e+00 9.6406e-01 8.7247e-03 6.9745e-03
6.5135e+01 3.7620e+00 9.6184e-01 8.4584e-03 6.7612e-03
6.5225e+01 3.7560e+00 9.5963e-01 8.2005e-03 6.5546e-03
6.5315e+01 3.7500e+00 9.5743e-01 7.9505e-03 6.3543e-03
6.5405e+01 3.7440e+00 9.5523e-01 7.7082e-03 6.1603e-03
6.5495e+01 3.7381e+00 9.5304e-01 7.4734e-03 5.9722e-03
6.5586e+01 3.7321e+00 9.5086e-01 7.2459e-03 5.7900e-03
6.5676e+01 3.7262e+00 9.4869e-01 7.0254e-03 5.6134e-03
6.5766e+01 3.7203e+00 9.4653e-01 6.8117e-03 5.4423e-03
6.5856e+01 3.7144e+00 9.4437e-01 6.6047e-03 5.2765e-03
6.5946e+01 3.7086e+00 9.4223e-01 6.4040e-03 5.1158e-03
6.6036e+01 3.7027e+00 9.4009e-01 6.2095e-03 4.9601e-03
6.6126e+01 3.6969e+00 9.3795e-01 6.0210e-03 4.8092e-03
6.6216e+01 3.6911e+00 9.3583e-01 5.8383e-03 4.6630e-03
6.6306e+01 3.6853e+00 9.3371e-01 5.6612e-03 4.5212e-03
6.6396e+01 3.6795e+00 9.3161e-01 5.4896e-03 4.3839e-03
6.6486e+01 3.6737e+00 9.2951e-01 5.3232e-03 4.2507e-03
6.6577e+01 3.6680e+00 9.2741e-01 5.1620e-03 4.1217e-03
6.6667e+01 3.6623e+00 9.2533e-01 5.0057e-03 3.9967e-03
6.6757e+01 3.6566e+00 9.2325e-01 4.8543e-03 3.8755e-03
6.6847e+01 3.6509e+00 9.2118e-01 4.7074e-03 3.7580e-03
6.6937e+01 3.6452e+00 9.1912e-01 4.5651e-03 3.6441e-03
6.7027e+01 3.6395e+00 9.1706e-01 4.4272e-03 3.5338e-03
6.7117e+01 3.6339e+00 9.1502e-01 4.2935e-03 3.4268e-03
6.7207e+01 3.6283e+00 9.1298e-01 4.1638e-03 3.3231e-03
6.7297e+01 3.6227e+00 9.1094e-01 4.0382e-03 3.2226e-03
6.7387e+01 3.6171e+00 9.0892e-01 3.9164e-03 3.1252e-03
6.7477e+01 3.6115e+00 9.0690e-01 3.7983e-03 3.0308e-03
6.7568e+01 3.6060e+00 9.0489e-01 3.6839e-03 2.9393e-03
6.7658e+01 3.6004e+00 9.0289e-01 3.5729e-03 2.8506e-03
6.7748e+01 3.5949e+00 9.0089e-01 3.4653e-03 2.7646e-03
6.7838e+01 3.5894e+00 8.9890e-01 3.3611e-03 2.6812e-03
6.7928e+01 3.5839e+00 8.9692e-01 3.2600e-03 2.6004e-03
6.8018e+01 3.5784e+00 8.9494e-01 3.1620e-03 2.5220e-03
6.8108e+01 3.5730e+00 8.9297e-01 3.0669e-03 2.4461e-03
6.8198e+01 3.5675e+00 8.9101e-01 2.9748e-03 2.3724e-03
6.8288e+01 3.5621e+00 8.8906e-01 2.8855e-03 2.3011e-03
6.8378e+01 3.5567e+00 8.8711e-01 2.7989e-03 2.2319e-03
6.8468e+01 3.5513e+00 8.8517e-01 2.7150e-03 2.1648e-03
6.8559e+01 3.5459e+00 8.8324e-01 2.6336e-03 2.0997e-03
6.8649e+01 3.5406e+00 8.8131e-01 2.5546e-03 2.0367e-03
6.8739e+01 3.5352e+00 8.7939e-01 2.4781e-03 1.9755e-03
6.8829e+01 3.5299e+00 8.7748e-01 2.4039e-03 1.9162e-03
6.8919e+01 3.5246e+00 8.7558e-01 2.3320e-03 1.8588e-03
6.9009e+01 3.5193e+00 8.7368e-01 2.2622e-03 1.8031e-03
6.9099e+01 3.5140e+00 8.7178e-01 2.1946e-03 1.7490e-03
6.9189e+01 3.5087e+00 8.6990e-01 2.1290e-03 1.6966e-03
6.9279e+01 3.5035e+00 8.6802e-01 2.0654e-03 1.6459e-03
6.9369e+01 3.4982e+00 8.6615e-01 2.0037e-03 1.5966e-03
6.9459e+01 3.4930e+00 8.6428e-01 1.9439e-03 1.5489e-03
6.9550e+01 3.4878e+00 8.6242e-01 1.8859e-03 1.5025e-03
6.9640e+01 3.4826e+00 8.6057e-01 1.8297e-03 1.4576e-03
6.9730e+01 3.4774e+00 8.5872e-01 1.7752e-03 1.4141e-03
6.9820e+01 3.4722e+00 8.5688e-01 1.7223e-03 1.3719e-03
6.9910e+01 3.4671e+00 8.5505e-01 1.6710e-03 1.3310e-03
7.0000e+01 3.4620e+00 8.5322e-01 1.6212e-03 1.2913e-03
7.0090e+01 3.4568e+00 8.5140e-01 1.5730e-03 1.2528e-03
7.0180e+01 3.4517e+00 8.4959e-01 1.5262e-03 1.2154e-03
7.0270e+01 3.4466e+00 8.4778e-01 1.4809e-03 1.1792e-03
7.0360e+01 3.4416e+00 8.4597e-01 1.4369e-03 1.1441e-03
7.0450e+01 3.4365e+00 8.4418e-01 1.3942e-03 1.1101e-03
7.0541e+01 3.4315e+00 8.4239e-01 1.3528e-03 1.0770e-03
7.0631e+01 3.4264e+00 8.4061e-01 1.3127e-03 1.0450e-03
7.0721e+01 3.4214e+00 8.3883e-01 1.2737e-03 1.0140e-03
7.0811e+01 3.4164e+00 8.3706e-01 1.2360e-03 9.8384e-04
7.0901e+01 3.4114e+00 8.3529e-01 1.1994e-03 9.5462e-04
7.0991e+01 3.4064e+00 8.3353e-01 1.1638e-03 9.2629e-04
7.1081e+01 3.4015e+00 8.3178e-01 1.1294e-03 8.9881e-04
7.1171e+01 3.3965e+00 8.3003e-01 1.0960e-03 8.7216e-04
7.1261e+01 3.3916e+00 8.2829e-01 1.0635e-03 8.4631e-04
7.1351e+01 3.3867e+00 8.2656e-01 1.0321e-03 8.2123e-04
7.1441e+01 3.3818e+00 8.2483e-01 1.0016e-03 7.9691e-04
7.1532e+01 3.3769e+00 8.2310e-01 9.7201e-04 7.7332e-04
7.1622e+01 3.3720e+00 8.2139e-01 9.4331e-04 7.5044e-04
7.1712e+01 3.3671e+00 8.1967e-01 9.1547e-04 7.2825e-04
7.1802e+01 3.3623e+00 8.1797e-01 8.8847e-04 7.0672e-04
7.1892e+01 3.3574e+00 8.1627e-01 8.6227e-04 6.8584e-04
7.1982e+01 3.3526e+00 8.1457e-01 8.3686e-04 6.6558e-04
7.2072e+01 3.3478e+00 8.1288e-01 8.1220e-04 6.4594e-04
7.2162e+01 3.3430e+00 8.1120e-01 7.8829e-04 6.2687e-04
7.2252e+01 3.3382e+00 8.0952e-01 7.6508e-04 6.0838e-04
7.2342e+01 3.3334e+00 8.0785e-01 7.4257e-04 5.9045e-04
7.2432e+01 3.3287e+00 8.0619e-01 7.2074e-04 5.7305e-04
7.2523e+01 3.3239e+00 8.0453e-01 6.9955e-04 5.5617e-04
7.2613e+01 3.3192e+00 8.0287e-01 6.7900e-04 5.3979e-04
7.2703e+01 3.3145e+00 8.0122e-01 6.5905e-04 5.2391e-04
7.2793e+01 3.3098e+00 7.9958e-01 6.3971e-04 5.0850e-04
7.2883e+01 3.3051e+00 7.9794e-01 6.2094e-04 4.9354e-04
7.2973e+01 3.3004e+00 7.9631e-01 6.0272e-04 4.7904e-04
7.3063e+01 3.2957e+00 7.9468e-01 5.8505e-04 4.6497e-04
7.3153e+01 3.2911e+00 7.9306e-01 5.6791e-04 4.5131e-04
7.3243e+01 3.2864e+00 7.9144e-01 5.5127e-04 4.3807e-04
7.3333e+01 3.2818e+00 7.8983e-01 5.3513e-04 4.2521e-04
7.3423e+01 3.2772e+00 7.8822e-01 5.1947e-04 4.1274e-04
7.3514e+01 3.2726e+00 7.8662e-01 5.0427e-04 4.0064e-04
7.3604e+01 3.2680e+00 7.8502e-01 4.8953e-04 3.8891e-04
7.3694e+01 3.2634e+00 7.8343e-01 4.7522e-04 3.7751e-04
7.3784e+01 3.2588e+00 7.8185e-01 4.6134e-04 3.6646e-04
7.3874e+01 3.2543e+00 7.8027e-01 4.4787e-04 3.5574e-04
7.3964e+01 3.2497e+00 7.7869e-01 4.3479e-04 3.4533e-04
7.4054e+01 3.2452e+00 7.7713e-01 4.2211e-04 3.3524e-04
7.4144e+01 3.2407e+00 7.7556e-01 4.0980e-04 3.2544e-04
7.4234e+01 3.2362e+00 7.7400e-01 3.9785e-04 3.1594e-04
7.4324e+01 3.2317e+00 7.7245e-01 3.8626e-04 3.0671e-04
7.4414e+01 3.2272e+00 7.7090e-01 3.7501e-04 2.9776e-04
7.4505e+01 3.2227e+00 7.6935e-01 3.6409e-04 2.8907e-04
7.4595e+01 3.2182e+00 7.6782e-01 3.5349e-04 2.8064e-04
7.4685e+01 3.2138e+00 7.6628e-01 3.4321e-04 2.7246e-04
7.4775e+01 3.2094e+00 7.6475e-01 3.3323e-04 2.6453e-04
7.4865e+01 3.2049e+00 7.6323e-01 3.2355e-04 2.5682e-04
7.4955e+01 3.2005e+00 7.6171e-01 3.1415e-04 2.4935e-04
7.5045e+01 3.1961e+00 7.6020e-01 3.0503e-04 2.4209e-04
7.5135e+01 3.1917e+00 7.5869e-01 2.9617e-04 2.3505e-04
7.5225e+01 3.1874e+00 7.5718e-01 2.8758e-04 2.2822e-04
7.5315e+01 3.1830e+00 7.5568e-01 2.7924e-04 2.2158e-04
7.5405e+01 3.1786e+00 7.5419e-01 2.7115e-04 2.1515e-04
7.5495e+01 3.1743e+00 7.5270e-01 2.6329e-04 2.0890e-04
7.5586e+01 3.1700e+00 7.5121e-01 2.5566e-04 2.0284e-04
7.5676e+01 3.1656e+00 7.4973e-01 2.4826e-04 1.9695e-04
7.5766e+01 3.1613e+00 7.4826e-01 2.4108e-04 1.9124e-04
7.5856e+01 3.1570e+00 7.4679e-01 2.3410e-04 1.8570e-04
7.5946e+01 3.1528e+00 7.4532e-01 2.2733e-04 1.8032e-04
7.6036e+01 3.1485e+00 7.4386e-01 2.2076e-04 1.7510e-04
7.6126e+01 3.1442e+00 7.4240e-01 2.1439e-04 1.7003e-04
7.6216e+01 3.1400e+00 7.4095e-01 2.0820e-04 1.6511e-04
7.6306e+01 3.1357e+00 7.3950e-01 2.0219e-04 1.6034e-04
7.6396e+01 3.1315e+00 7.3806e-01 1.9635e-04 1.5570e-04
7.6486e+01 3.1273e+00 7.3662e-01 1.9069e-04 1.5120e-04
7.6577e+01 3.1231e+00 7.3519e-01 1.8519e-04 1.4683e-04
7.6667e+01 3.1189e+00 7.3376e-01 1.7986e-04 1.4259e-04
7.6757e+01 3.1147e+00 7.3233e-01 1.7468e-04 1.3848e-04
7.6847e+01 3.1105e+00 7.3091e-01 1.6965e-04 1.3448e-04
7.6937e+01 3.1064e+00 7.2950e-01 1.6477e-04 1.3061e-04
7.7027e+01 3.1022e+00 7.2809e-01 1.6003e-04 1.2684e-04
7.7117e+01 3.0981e+00 7.2668e-01 1.5542e-04 1.2319e-04
7.7207e+01 3.0939e+00 7.2528e-01 1.5096e-04 1.1964e-04
7.7297e+01 3.0898e+00 7.2388e-01 1.4662e-04 1.1619e-04
7.7387e+01 3.0857e+00 7.2249e-01 1.4241e-04 1.1285e-04
7.7477e+01 3.0816e+00 7.2110e-01 1.3832e-04 1.0961e-04
7.7568e+01 3.0775e+00 7.1971e-01 1.3435e-04 1.0645e-04
7.7658e+01 3.0734e+00 7.1833e-01 1.3050e-04 1.0340e-04
7.7748e+01 3.0694e+00 7.1695e-01 1.2676e-04 1.0043e-04
7.7838e+01 3.0653e+00 7.1558e-01 1.2313e-04 9.7541e-05
7.7928e+01 3.0612e+00 7.1421e-01 1.1960e-04 9.4742e-05
7.8018e+01 3.0572e+00 7.1285e-01 1.1617e-04 9.2024e-05
7.8108e+01 3.0532e+00 7.1149e-01 1.1285e-04 8.9385e-05
7.8198e+01 3.0492e+00 7.1014e-01 1.0962e-04 8.6822e-05
7.8288e+01 3.0452e+00 7.0879e-01 1.0649e-04 8.4335e-05
7.8378e+01 3.0412e+00 7.0744e-01 1.0344e-04 8.1919e-05
7.8468e+01 3.0372e+00 7.0610e-01 1.0049e-04 7.9574e-05
7.8559e+01 3.0332e+00 7.0476e-01 9.7616e-05 7.7297e-05
7.8649e+01 3.0292e+00 7.0342e-01 9.4829e-05 7.5086e-05
7.8739e+01 3.0253e+00 7.0209e-01 9.2123e-05 7.2939e-05
7.8829e+01 3.0213e+00 7.0077e-01 8.9495e-05 7.0854e-05
7.8919e+01 3.0174e+00 6.9945e-01 8.6943e-05 6.8830e-05
7.9009e+01 3.0135e+00 6.9813e-01 8.4465e-05 6.6864e-05
7.9099e+01 3.0096e+00 6.9682e-01 8.2059e-05 6.4955e-05
7.9189e+01 3.0056e+00 6.9551e-01 7.9722e-05 6.3102e-05
7.9279e+01 3.0018e+00 6.9420e-01 7.7453e-05 6.1302e-05
7.9369e+01 2.9979e+00 6.9290e-01 7.5249e-05 5.9555e-05
7.9459e+01 2.9940e+00 6.9160e-01 7.3109e-05 5.7857e-05
7.9550e+01 2.9901e+00 6.9031e-01 7.1030e-05 5.6209e-05
7.9640e+01 2.9863e+00 6.8902e-01 6.9012e-05 5.4609e-05
7.9730e+01 2.9824e+00 6.8773e-01 6.7051e-05 5.3054e-05
7.9820e+01 2.9786e+00 6.8645e-01 6.5147e-05 5.1545e-05
7.9910e+01 2.9747e+00 6.8517e-01 6.3298e-05 5.0079e-05
8.0000e+01 2.9709e+00 6.8390e-01 6.1502e-05 4.8656e-05
8.0090e+01 2.9671e+00 6.8263e-01 5.9758e-05 4.7273e-05
8.0180e+01 2.9633e+00 6.8136e-01 5.8064e-05 4.5930e-05
8.0270e+01 2.9595e+00 6.8010e-01 5.6419e-05 4.4626e-05
8.0360e+01 2.9557e+00 6.7884e-01 5.4821e-05 4.3360e-05
8.0450e+01 2.9520e+00 6.7758e-01 5.3268e-05 4.2130e-05
8.0541e+01 2.9482e+00 6.7633e-01 5.1761e-05 4.0935e-05
8.0631e+01 2.9445e+00 6.7508e-01 5.0296e-05 3.9775e-05
8.0721e+01 2.9407e+00 6.7384e-01 4.8874e-05 3.8648e-05
8.0811e+01 2.9370e+00 6.7260e-01 4.7493e-05 3.7553e-05
8.0901e+01 2.9332e+00 6.7136e-01 4.6151e-05 3.6490e-05
8.0991e+01 2.9295e+00 6.7013e-01 4.4847e-05 3.5457e-05
8.1081e+01 2.9258e+00 6.6890e-01 4.3581e-05 3.4454e-05
8.1171e+01 2.9221e+00 6.6768e-01 4.2351e-05 3.3480e-05
8.1261e+01 2.9184e+00 6.6645e-01 4.1156e-05 3.2534e-05
8.1351e+01 2.9147e+00 6.6524e-01 3.9996e-05 3.1615e-05
8.1441e+01 2.9111e+00 6.6402e-01 3.8869e-05 3.0722e-05
8.1532e+01 2.9074e+00 6.6281e-01 3.7773e-05 2.9855e-05
8.1622e+01 2.9038e+00 6.6160e-01 3.6710e-05 2.9012e-05
8.1712e+01 2.9001e+00 6.6040e-01 3.5676e-05 2.8194e-05
8.1802e+01 2.8965e+00 6.5920e-01 3.4672e-05 2.7399e-05
8.1892e+01 2.8928e+00 6.5800e-01 3.3697e-05 2.6627e-05
8.1982e+01 2.8892e+00 6.5681e-01 3.2750e-05 2.5877e-05
8.2072e+01 2.8856e+00 6.5562e-01 3.1829e-05 2.5148e-05
8.2162e+01 2.8820e+00 6.5443e-01 3.0935e-05 2.4440e-05
8.2252e+01 2.8784e+00 6.5325e-01 3.0066e-05 2.3753e-05
8.2342e+01 2.8748e+00 6.5207e-01 2.9222e-05 2.3084e-05
8.2432e+01 2.8713e+00 6.5090e-01 2.8402e-05 2.2435e-05
8.2523e+01 2.8677e+00 6.4973e-01 2.7605e-05 2.1805e-05
8.2613e+01 2.8641e+00 6.4856e-01 2.6831e-05 2.1192e-05
8.2703e+01 2.8606e+00 6.4739e-01 2.6079e-05 2.0597e-05
8.2793e+01 2.8571e+00 6.4623e-01 2.5349e-05 2.0019e-05
8.2883e+01 2.8535e+00 6.4507e-01 2.4639e-05 1.9458e-05
8.2973e+01 2.8500e+00 6.4392e-01 2.3949e-05 1.8912e-05
8.3063e+01 2.8465e+00 6.4276e-01 2.3279e-05 1.8382e-05
8.3153e+01 2.8430e+00 6.4162e-01 2.2628e-05 1.7867e-05
8.3243e+01 2.8395e+00 6.4047e-01 2.1995e-05 1.7366e-05
8.3333e+01 2.8360e+00 6.3933e-01 2.1381e-05 1.6880e-05
8.3423e+01 2.8325e+00 6.3819e-01 2.0783e-05 1.6407e-05
8.3514e+01 2.8290e+00 6.3706e-01 2.0203e-05 1.5948e-05
8.3604e+01 2.8256e+00 6.3592e-01 1.9639e-05 1.5502e-05
8.3694e+01 2.8221e+00 6.3480e-01 1.9091e-05 1.5069e-05
8.3784e+01 2.8187e+00 6.3367e-01 1.8558e-05 1.4648e-05
8.3874e+01 2.8152e+00 6.3255e-01 1.8041e-05 1.4239e-05
8.3964e+01 2.8118e+00 6.3143e-01 1.7538e-05 1.3841e-05
8.4054e+01 2.8084e+00 6.3031e-01 1.7050e-05 1.3455e-05
8.4144e+01 2.8049e+00 6.2920e-01 1.6575e-05 1.3079e-05
8.4234e+01 2.8015e+00 6.2809e-01 1.6113e-05 1.2715e-05
8.4324e+01 2.7981e+00 6.2699e-01 1.5665e-05 1.2360e-05
8.4414e+01 2.7947e+00 6.2588e-01 1.5229e-05 1.2016e-05
8.4505e+01 2.7913e+00 6.2479e-01 1.4806e-05 1.1681e-05
8.4595e+01 2.7880e+00 6.2369e-01 1.4394e-05 1.1356e-05
8.4685e+01 2.7846e+00 6.2260e-01 1.3995e-05 1.1040e-05
8.4775e+01 2.7812e+00 6.2151e-01 1.3606e-05 1.0732e-05
8.4865e+01 2.7779e+00 6.2042e-01 1.3228e-05 1.0434e-05
8.4955e+01 2.7745e+00 6.1933e-01 1.2861e-05 1.0144e-05
8.5045e+01 2.7712e+00 6.1825e-01 1.2504e-05 9.8620e-06
8.5135e+01 2.7679e+00 6.1718e-01 1.2158e-05 9.5881e-06
8.5225e+01 2.7646e+00 6.1610e-01 1.1821e-05 9.3219e-06
8.5315e+01 2.7612e+00 6.1503e-01 1.1493e-05 9.0631e-06
8.5405e+01 2.7579e+00 6.1396e-01 1.1175e-05 8.8117e-06
8.5495e+01 2.7546e+00 6.1290e-01 1.0866e-05 8.5673e-06
8.5586e+01 2.7513e+00 6.1183e-01 1.0565e-05 8.3298e-06
8.5676e+01 2.7481e+00 6.1077e-01 1.0273e-05 8.0989e-06
8.5766e+01 2.7448e+00 6.0972e-01 9.9888e-06 7.8746e-06
8.5856e+01 2.7415e+00 6.0866e-01 9.7127e-06 7.6565e-06
8.5946e+01 2.7383e+00 6.0761e-01 9.4443e-06 7.4446e-06
8.6036e+01 2.7350e+00 6.0656e-01 9.1835e-06 7.2386e-06
8.6126e+01 2.7318e+00 6.0552e-01 8.9300e-06 7.0384e-06
8.6216e+01 2.7285e+00 6.0448e-01 8.6836e-06 6.8438e-06
8.6306e+01 2.7253e+00 6.0344e-01 8.4440e-06 6.6547e-06
8.6396e+01 2.7221e+00 6.0240e-01 8.2112e-06 6.4708e-06
8.6486e+01 2.7188e+00 6.0137e-01 7.9849e-06 6.2922e-06
8.6577e+01 2.7156e+00 6.0034e-01 7.7649e-06 6.1185e-06
8.6667e+01 2.7124e+00 5.9931e-01 7.5510e-06 5.9496e-06
8.6757e+01 2.7092e+00 5.9829e-01 7.3431e-06 5.7855e-06
8.6847e+01 2.7060e+00 5.9727e-01 7.1410e-06 5.6260e-06
8.6937e+01 2.7029e+00 5.9625e-01 6.9446e-06 5.4710e-06
8.7027e+01 2.6997e+00 5.9523e-01 6.7536e-06 5.3202e-06
8.7117e+01 2.6965e+00 5.9422e-01 6.5680e-06 5.1737e-06
8.7207e+01 2.6934e+00 5.9321e-01 6.3875e-06 5.0313e-06
8.7297e+01 2.6902e+00 5.9220e-01 6.2121e-06 4.8929e-06
8.7387e+01 2.6871e+00 5.9120e-01 6.0415e-06 4.7583e-06
8.7477e+01 2.6839e+00 5.9019e-01 5.8757e-06 4.6274e-06
8.7568e+01 2.6808e+00 5.8920e-01 5.7145e-06 4.5003e-06
8.7658e+01 2.6777e+00 5.8820e-01 5.5578e-06 4.3766e-06
8.7748e+01 2.6746e+00 5.8720e-01 5.4054e-06 4.2564e-06
8.7838e+01 2.6715e+00 5.8621e-01 5.2573e-06 4.1396e-06
8.7928e+01 2.6684e+00 5.8523e-01 5.1133e-06 4.0260e-06
8.8018e+01 2.6653e+00 5.8424e-01 4.9733e-06 3.9155e-06
8.8108e+01 2.6622e+00 5.8326e-01 4.8372e-06 3.8081e-06
8.8198e+01 2.6591e+00 5.8228e-01 4.7048e-06 3.7038e-06
8.8288e+01 2.6560e+00 5.8130e-01 4.5761e-06 3.6023e-06
8.8378e+01 2.6530e+00 5.8033e-01 4.4510e-06 3.5036e-06
8.8468e+01 2.6499e+00 5.7935e-01 4.3294e-06 3.4077e-06
8.8559e+01 2.6468e+00 5.7838e-01 4.2111e-06 3.3144e-06
8.8649e+01 2.6438e+00 5.7742e-01 4.0961e-06 3.2237e-06
8.8739e+01 2.6408e+00 5.7645e-01 3.9843e-06 3.1356e-06
8.8829e+01 2.6377e+00 5.7549e-01 3.8756e-06 3.0499e-06
8.8919e+01 2.6347e+00 5.7453e-01 3.7699e-06 2.9665e-06
8.9009e+01 2.6317e+00 5.7358e-01 3.6671e-06 2.8855e-06
8.9099e+01 2.6287e+00 5.7262e-01 3.5671e-06 2.8067e-06
8.9189e+01 2.6257e+00 5.7167e-01 3.4700e-06 2.7301e-06
8.9279e+01 2.6227e+00 5.7072e-01 3.3754e-06 2.6556e-06
8.9369e+01 2.6197e+00 5.6978e-01 3.2836e-06 2.5832e-06
8.9459e+01 2.6167e+00 5.6883e-01 3.1942e-06 2.5127e-06
8.9550e+01 2.6137e+00 5.6789e-01 3.1073e-06 2.4443e-06
8.9640e+01 2.6107e+00 5.6696e-01 3.0228e-06 2.3777e-06
8.9730e+01 2.6078e+00 5.6602e-01 2.9406e-06 2.3129e-06
8.9820e+01 2.6048e+00 5.6509e-01 2.8607e-06 2.2500e-06
8.9910e+01 2.6019e+00 5.6416e-01 2.7830e-06 2.1887e-06
9.0000e+01 2.5989e+00 5.6323e-01 2.7075e-06 2.1292e-06
9.0090e+01 2.5960e+00 5.6230e-01 2.6340e-06 2.0713e-06
9.0180e+01 2.5930e+00 5.6138e-01 2.5625e-06 2.0150e-06
9.0270e+01 2.5901e+00 5.6046e-01 2.4930e-06 1.9603e-06
9.0360e+01 2.5872e+00 5.5954e-01 2.4254e-06 1.9070e-06
9.0450e+01 2.5843e+00 5.5862e-01 2.3597e-06 1.8552e-06
9.0541e+01 2.5814e+00 5.5771e-01 2.2958e-06 1.8049e-06
9.0631e+01 2.5785e+00 5.5680e-01 2.2336e-06 1.7559e-06
9.0721e+01 2.5756e+00 5.5589e-01 2.1731e-06 1.7083e-06
9.0811e+01 2.5727e+00 5.5498e-01 2.1143e-06 1.6620e-06
9.0901e+01 2.5698e+00 5.5408e-01 2.0571e-06 1.6170e-06
9.0991e+01 2.5669e+00 5.5318e-01 2.0015e-06 1.5732e-06
9.1081e+01 2.5640e+00 5.5228e-01 1.9474e-06 1.5306e-06
9.1171e+01 2.5612e+00 5.5138e-01 1.8948e-06 1.4891e-06
9.1261e+01 2.5583e+00 5.5049e-01 1.8436e-06 1.4488e-06
9.1351e+01 2.5555e+00 5.4960e-01 1.7939e-06 1.4097e-06
9.1441e+01 2.5526e+00 5.4871e-01 1.7454e-06 1.3715e-06
9.1532e+01 2.5498e+00 5.4782e-01 1.6984e-06 1.3345e-06
9.1622e+01 2.5470e+00 5.4694e-01 1.6526e-06 1.2984e-06
9.1712e+01 2.5441e+00 5.4605e-01 1.6080e-06 1.2634e-06
9.1802e+01 2.5413e+00 5.4517e-01 1.5647e-06 1.2293e-06
9.1892e+01 2.5385e+00 5.4430e-01 1.5225e-06 1.1961e-06
9.1982e+01 2.5357e+00 5.4342e-01 1.4815e-06 1.1638e-06
9.2072e+01 2.5329e+00 5.4255e-01 1.4417e-06 1.1324e-06
9.2162e+01 2.5301e+00 5.4168e-01 1.4029e-06 1.1019e-06
9.2252e+01 2.5273e+00 5.4081e-01 1.3651e-06 1.0722e-06
9.2342e+01 2.5245e+00 5.3994e-01 1.3284e-06 1.0433e-06
9.2432e+01 2.5217e+00 5.3908e-01 1.2927e-06 1.0152e-06
9.2523e+01 2.5189e+00 5.3822e-01 1.2580e-06 9.8791e-07
9.2613e+01 2.5162e+00 5.3736e-01 1.2242e-06 9.6133e-07
9.2703e+01 2.5134e+00 5.3650e-01 1.1913e-06 9.3548e-07
9.2793e+01 2.5107e+00 5.3564e-01 1.1594e-06 9.1033e-07
9.2883e+01 2.5079e+00 5.3479e-01 1.1283e-06 8.8586e-07
9.2973e+01 2.5052e+00 5.3394e-01 1.0980e-06 8.6206e-07
9.3063e+01 2.5024e+00 5.3309e-01 1.0686e-06 8.3891e-07
9.3153e+01 2.4997e+00 5.3224e-01 1.0399e-06 8.1639e-07
9.3243e+01 2.4970e+00 5.3140e-01 1.0121e-06 7.9448e-07
9.3333e+01 2.4943e+00 5.3056e-01 9.8498e-07 7.7317e-07
9.3423e+01 2.4915e+00 5.2972e-01 9.5861e-07 7.5244e-07
9.3514e+01 2.4888e+00 5.2888e-01 9.3296e-07 7.3227e-07
9.3604e+01 2.4861e+00 5.2805e-01 9.0801e-07 7.1265e-07
9.3694e+01 2.4834e+00 5.2721e-01 8.8373e-07 6.9356e-07
9.3784e+01 2.4807e+00 5.2638e-01 8.6011e-07 6.7499e-07
9.3874e+01 2.4781e+00 5.2555e-01 8.3713e-07 6.5692e-07
9.3964e+01 2.4754e+00 5.2473e-01 8.1477e-07 6.3934e-07
9.4054e+01 2.4727e+00 5.2390e-01 7.9302e-07 6.2224e-07
9.4144e+01 2.4700e+00 5.2308e-01 7.7185e-07 6.0561e-07
9.4234e+01 2.4674e+00 5.2226e-01 7.5126e-07 5.8942e-07
9.4324e+01 2.4647e+00 5.2144e-01 7.3122e-07 5.7367e-07
9.4414e+01 2.4620e+00 5.2062e-01 7.1173e-07 5.5835e-07
9.4505e+01 2.4594e+00 5.1981e-01 6.9276e-07 5.4345e-07
9.4595e+01 2.4568e+00 5.1900e-01 6.7431e-07 5.2894e-07
9.4685e+01 2.4541e+00 5.1819e-01 6.5635e-07 5.1483e-07
9.4775e+01 2.4515e+00 5.1738e-01 6.3888e-07 5.0110e-07
9.4865e+01 2.4489e+00 5.1657e-01 6.2188e-07 4.8775e-07
9.4955e+01 2.4462e+00 5.1577e-01 6.0534e-07 4.7475e-07
9.5045e+01 2.4436e+00 5.1497e-01 5.8924e-07 4.6210e-07
9.5135e+01 2.4410e+00 5.1417e-01 5.7358e-07 4.4980e-07
9.5225e+01 2.4384e+00 5.1337e-01 5.5834e-07 4.3782e-07
9.5315e+01 2.4358e+00 5.1257e-01 5.4351e-07 4.2617e-07
9.5405e+01 2.4332e+00 5.1178e-01 5.2907e-07 4.1484e-07
9.5495e+01 2.4306e+00 5.1099e-01 5.1503e-07 4.0381e-07
9.5586e+01 2.4281e+00 5.1020e-01 5.0137e-07 3.9307e-07
9.5676e+01 2.4255e+00 5.0941e-01 4.8807e-07 3.8263e-07
9.5766e+01 2.4229e+00 5.0863e-01 4.7513e-07 3.7247e-07
9.5856e+01 2.4203e+00 5.0784e-01 4.6254e-07 3.6258e-07
9.5946e+01 2.4178e+00 5.0706e-01 4.5028e-07 3.5296e-07
9.6036e+01 2.4152e+00 5.0628e-01 4.3836e-07 3.4359e-07
9.6126e+01 2.4127e+00 5.0550e-01 4.2675e-07 3.3448e-07
9.6216e+01 2.4101e+00 5.0473e-01 4.1546e-07 3.2561e-07
9.6306e+01 2.4076e+00 5.0395e-01 4.0446e-07 3.1698e-07
9.6396e+01 2.4051e+00 5.0318e-01 3.9377e-07 3.0858e-07
9.6486e+01 2.4025e+00 5.0241e-01 3.8336e-07 3.0041e-07
9.6577e+01 2.4000e+00 5.0164e-01 3.7323e-07 2.9246e-07
9.6667e+01 2.3975e+00 5.0088e-01 3.6337e-07 2.8472e-07
9.6757e+01 2.3950e+00 5.0011e-01 3.5377e-07 2.7719e-07
9.6847e+01 2.3925e+00 4.9935e-01 3.4443e-07 2.6986e-07
9.6937e+01 2.3900e+00 4.9859e-01 3.3534e-07 2.6272e-07
9.7027e+01 2.3875e+00 4.9783e-01 3.2650e-07 2.5578e-07
9.7117e+01 2.3850e+00 4.9707e-01 3.1789e-07 2.4902e-07
9.7207e+01 2.3825e+00 4.9632e-01 3.0951e-07 2.4245e-07
9.7297e+01 2.3800e+00 4.9556e-01 3.0135e-07 2.3605e-07
9.7387e+01 2.3775e+00 4.9481e-01 2.9341e-07 2.2982e-07
9.7477e+01 2.3750e+00 4.9406e-01 2.8569e-07 2.2376e-07
9.7568e+01 2.3726e+00 4.9332e-01 2.7817e-07 2.1786e-07
9.7658e+01 2.3701e+00 4.9257e-01 2.7085e-07 2.1211e-07
9.7748e+01 2.3676e+00 4.9183e-01 2.6372e-07 2.0652e-07
9.7838e+01 2.3652e+00 4.9109e-01 2.5679e-07 2.0108e-07
9.7928e+01 2.3627e+00 4.9035e-01 2.5004e-07 1.9579e-07
9.8018e+01 2.3603e+00 4.8961e-01 2.4347e-07 1.9064e-07
9.8108e+01 2.3579e+00 4.8887e-01 2.3707e-07 1.8562e-07
9.8198e+01 2.3554e+00 4.8814e-01 2.3085e-07 1.8074e-07
9.8288e+01 2.3530e+00 4.8740e-01 2.2479e-07 1.7599e-07
9.8378e+01 2.3506e+00 4.8667e-01 2.1889e-07 1.7136e-07
9.8468e+01 2.3482e+00 4.8594e-01 2.1315e-07 1.6686e-07
9.8559e+01 2.3457e+00 4.8522e-01 2.0756e-07 1.6248e-07
9.8649e+01 2.3433e+00 4.8449e-01 2.0212e-07 1.5821e-07
9.8739e+01 2.3409e+00 4.8377e-01 1.9683e-07 1.5406e-07
9.8829e+01 2.3385e+00 4.8304e-01 1.9167e-07 1.5001e-07
9.8919e+01 2.3361e+00 4.8232e-01 1.8665e-07 1.4608e-07
9.9009e+01 2.3337e+00 4.8160e-01 1.8177e-07 1.4225e-07
9.9099e+01 2.3314e+00 4.8089e-01 1.7701e-07 1.3852e-07
9.9189e+01 2.3290e+00 4.8017e-01 1.7238e-07 1.3489e-07
9.9279e+01 2.3266e+00 4.7946e-01 1.6788e-07 1.3136e-07
9.9369e+01 2.3242e+00 4.7875e-01 1.6349e-07 1.2792e-07
9.9459e+01 2.3219e+00 4.7804e-01 1.5922e-07 1.2457e-07
9.9550e+01 2.3195e+00 4.7733e-01 1.5506e-07 1.2131e-07
9.9640e+01 2.3171e+00 4.7662e-01 1.5101e-07 1.1814e-07
9.9730e+01 2.3148e+00 4.7592e-01 1.4707e-07 1.1505e-07
9.9820e+01 2.3124e+00 4.7521e-01 1.4323e-07 1.1205e-07
9.9910e+01 2.3101e+00 4.7451e-01 1.3950e-07 1.0912e-07
1.0000e+02 2.3078e+00 4.7381e-01 1.3586e-07 1.0627e-07
