6.524135163362919343e+01
1.043238023535075882e+02
1.223801847543173551e+02
1.339629977579070612e+02
1.400789804380208921e+02
1.512381515164813095e+02
1.585251855091968025e+02
1.644197097326551216e+02
1.762821661795195780e+02
1.879178741549871461e+02
1.949230958910403899e+02
2.015997370279356176e+02
1.999759902133104674e+02
1.997228583572241973e+02
2.018171521110891433e+02
2.016582047736563368e+02
2.068137238548205517e+02
2.041534862240036716e+02
2.049956816472536616e+02
2.114030398456466173e+02
